Albanian,0.121738,0.149475,0.015293,-0.018491,0.024202,-0.004234,0.003258,0.001814,0.001720,0.018066,-0.001873,0.004024,-0.007215,0.006087,-0.009363,-0.001842,0.005945,0.000371,0.005080,-0.003770,-0.003768,-0.002914,0.000978,-0.001314,0.000515
Austrian_Burgenland,0.133247,0.139972,0.055403,0.031032,0.037862,0.012842,0.005176,0.006646,0.003849,0.004770,-0.004090,0.001998,-0.005385,0.001755,0.003729,0.002034,-0.000245,0.000804,0.003977,0.000357,0.000357,-0.000907,0.001289,0.004875,-0.000020
Austrian_Carinthia,0.135233,0.140601,0.058611,0.038251,0.041157,0.016240,0.006750,0.007447,0.001500,-0.001027,-0.005310,-0.000998,0.000489,0.016132,-0.003851,-0.000413,0.002057,0.000955,0.006738,-0.000054,0.001256,-0.005659,0.002646,0.002177,0.001834
Austrian_Lower Austria,0.133693,0.142117,0.055468,0.032184,0.042429,0.013728,0.004718,0.006144,0.007773,0.010384,-0.004969,0.003402,-0.007741,0.004084,0.004575,0.001872,-0.001145,0.000875,0.006142,-0.000319,0.002001,-0.002903,0.000272,0.003924,0.001775
Austrian_Salzburg-Upper_Austria,0.134245,0.144110,0.056152,0.030717,0.042591,0.012906,0.004404,0.005385,0.006152,0.009597,-0.006223,0.003996,-0.009276,0.001377,0.007956,0.003193,-0.000888,0.001695,0.005202,0.000545,0.002328,-0.001213,-0.000396,0.006213,-0.000624
Austrian_Styria,0.134373,0.142798,0.058826,0.031795,0.044752,0.012721,0.006008,0.008061,0.008864,0.006592,-0.004791,0.000078,-0.000836,0.011485,-0.002790,0.000229,0.001330,-0.000086,0.005378,-0.001021,-0.001505,-0.003382,0.000821,0.000988,0.000526
Austrian_Tyrol,0.131827,0.145210,0.045592,0.016512,0.036341,0.007653,0.003975,0.004462,0.004263,0.014446,-0.004326,0.006189,-0.013127,-0.004263,0.006045,0.001036,0.000297,0.000983,0.003234,-0.000032,0.001300,0.000701,-0.000752,0.003779,-0.000930
Basque,0.128708,0.155957,0.052901,0.008805,0.053330,0.002237,-0.001459,0.002813,0.026766,0.039253,-0.005542,0.010520,-0.021320,-0.016729,0.015262,0.001508,-0.006371,0.000769,-0.001308,-0.001964,0.006432,0.000583,-0.004618,-0.003528,0.000601
Belgian,0.133113,0.143196,0.057605,0.032002,0.043340,0.012661,0.003618,0.005421,0.008810,0.012044,-0.005403,0.004889,-0.011437,-0.004136,0.011930,0.003211,-0.003846,0.001388,0.003657,0.001261,0.003578,0.000269,-0.000780,0.006523,-0.000059
Bosnian,0.130516,0.138415,0.048464,0.026694,0.034669,0.011843,0.006743,0.007243,0.000156,-0.002278,-0.003646,-0.002274,0.003782,0.017149,-0.008083,-0.000929,0.003825,-0.000215,0.005321,-0.000451,-0.001453,-0.005379,0.002642,-0.000208,0.001495
Bulgarian,0.125031,0.143906,0.025735,0.000563,0.024685,0.002520,0.005069,0.003752,-0.002309,0.005209,-0.002252,0.000498,-0.000834,0.011645,-0.008361,-0.001032,0.004696,0.000094,0.004969,-0.001605,-0.001978,-0.004021,0.001813,-0.000754,0.001078
Cossack_Kuban,0.134420,0.107727,0.080165,0.068606,0.033462,0.018892,0.011971,0.016764,-0.001396,-0.025204,0.002170,-0.009495,0.017957,0.012326,-0.012472,-0.003030,0.002060,-0.002701,-0.001627,-0.000259,-0.003841,0.001881,0.003617,-0.003640,-0.001135
Cossack_Ukrainian,0.137097,0.123241,0.077779,0.062497,0.039923,0.022342,0.011905,0.015632,0.002125,-0.018238,-0.001438,-0.008362,0.016574,0.020263,-0.014602,-0.003001,0.004385,-0.002544,0.001553,-0.001672,-0.007227,-0.001388,0.003602,-0.003893,-0.001601
Croatian,0.133100,0.138284,0.055045,0.033141,0.038130,0.013930,0.006861,0.007972,0.001526,-0.001918,-0.004340,-0.001745,0.002295,0.015697,-0.006060,-0.000913,0.003194,-0.000176,0.005206,0.000166,-0.001421,-0.004739,0.002580,0.000850,0.000988
Czech,0.135377,0.135288,0.065921,0.048114,0.042474,0.019100,0.007099,0.008954,0.002903,-0.005534,-0.005186,-0.002497,0.002953,0.015604,-0.001672,0.000574,0.001037,0.000443,0.005253,0.001582,0.001380,-0.004917,0.002378,0.002488,0.001582
Czech_Bohemia,0.136180,0.135091,0.064898,0.048520,0.040718,0.019452,0.007985,0.009258,0.000456,-0.007696,-0.004919,-0.002778,0.004196,0.016743,-0.002567,0.000230,0.001042,0.000289,0.005140,0.000556,0.001111,-0.004897,0.002160,0.001720,0.001310
Danish,0.136597,0.138345,0.069557,0.048340,0.045223,0.018473,0.004876,0.007654,0.007744,0.003329,-0.005297,0.002304,-0.006942,-0.002097,0.013558,0.004260,-0.005953,0.001391,0.003637,0.002436,0.004720,0.000596,-0.000148,0.008106,0.000334
Dutch,0.136333,0.140700,0.065917,0.043193,0.045030,0.016724,0.004500,0.006738,0.008062,0.007282,-0.005793,0.004094,-0.010104,-0.004596,0.015291,0.004393,-0.005898,0.001457,0.003506,0.002051,0.004250,0.001321,-0.001140,0.008156,-0.000488
Dutch_Central,0.136163,0.140447,0.065566,0.042284,0.044703,0.016313,0.004453,0.006649,0.008212,0.007753,-0.005644,0.004195,-0.010029,-0.005153,0.014913,0.004272,-0.005817,0.001402,0.003360,0.001524,0.003567,0.001911,-0.001295,0.008047,-0.001002
Dutch_North,0.136823,0.140302,0.067490,0.046411,0.046049,0.017928,0.004633,0.006905,0.008134,0.006339,-0.006116,0.003937,-0.010099,-0.003458,0.016274,0.004579,-0.006817,0.001730,0.004413,0.002671,0.005082,0.000909,-0.000985,0.009152,0.000162
Dutch_South,0.136258,0.142840,0.063484,0.039812,0.045293,0.015910,0.004461,0.006358,0.007904,0.008461,-0.006274,0.004248,-0.010255,-0.002032,0.013828,0.003712,-0.004887,0.001355,0.004040,0.002009,0.003932,-0.000121,-0.000920,0.007570,-0.000279
Cornish,0.135197,0.142500,0.064037,0.039549,0.045313,0.015476,0.003100,0.005721,0.009701,0.010379,-0.005566,0.004786,-0.011526,-0.006412,0.015590,0.004223,-0.006193,0.001425,0.002936,0.001825,0.004707,0.001088,-0.001055,0.007594,0.000082
English_East,0.134674,0.141576,0.062420,0.038820,0.044183,0.015379,0.003742,0.005935,0.008552,0.009285,-0.005580,0.004410,-0.010780,-0.004422,0.014006,0.003611,-0.005335,0.001303,0.003386,0.002022,0.004490,0.000665,-0.000748,0.007180,0.000099
English_East-Midlands,0.135278,0.142117,0.063470,0.039341,0.044712,0.015302,0.004117,0.006400,0.008520,0.009013,-0.005534,0.004334,-0.010376,-0.004892,0.014103,0.003764,-0.005707,0.001321,0.003489,0.001497,0.003623,0.001229,-0.000712,0.007694,-0.000407
English_Lancashire,0.135363,0.142240,0.064819,0.040930,0.045874,0.016075,0.003516,0.005788,0.009430,0.009558,-0.006014,0.004488,-0.011013,-0.004964,0.015905,0.004551,-0.006223,0.001591,0.003566,0.002067,0.004980,0.000596,-0.001026,0.008080,0.000068
English_Northeast,0.135759,0.141678,0.064760,0.041341,0.044875,0.016169,0.003948,0.006312,0.008671,0.008624,-0.005626,0.004404,-0.010620,-0.005671,0.015325,0.004419,-0.005933,0.001357,0.003092,0.001723,0.004130,0.001306,-0.001140,0.007595,-0.000285
English_Southeast,0.134877,0.141530,0.062800,0.039458,0.044285,0.015420,0.003782,0.005966,0.008416,0.009083,-0.005612,0.004554,-0.010976,-0.005039,0.015166,0.004078,-0.005851,0.001334,0.003303,0.001997,0.004642,0.000671,-0.001018,0.007465,0.000178
English_Southwest,0.134633,0.141358,0.062877,0.039082,0.044293,0.015139,0.003563,0.006101,0.009524,0.010306,-0.005324,0.004841,-0.011324,-0.006891,0.015444,0.003989,-0.006336,0.001202,0.002816,0.001504,0.004016,0.001533,-0.001092,0.007299,-0.000222
English_Yorkshire,0.135186,0.141260,0.064438,0.041739,0.044927,0.016311,0.003702,0.006000,0.008650,0.008286,-0.005740,0.004270,-0.010558,-0.004676,0.015831,0.004231,-0.006574,0.001450,0.003457,0.002198,0.005210,0.000644,-0.000986,0.007947,0.000335
English_West-Midlands,0.135442,0.141996,0.063965,0.039944,0.044693,0.015597,0.003878,0.006244,0.008666,0.009278,-0.005575,0.004633,-0.011231,-0.006206,0.015416,0.004302,-0.005824,0.001367,0.003084,0.001987,0.004486,0.001277,-0.001045,0.007597,-0.000144
Estonian,0.137571,0.115424,0.087378,0.078276,0.041035,0.027734,0.011101,0.014995,0.000989,-0.026834,-0.001381,-0.010472,0.018340,0.023937,-0.007502,0.000357,0.001316,-0.000711,0.002455,0.002840,0.002960,-0.005596,0.002987,-0.000156,0.003363
Finnish,0.134216,0.094480,0.090698,0.079344,0.032208,0.023701,0.009733,0.015516,0.002228,-0.025774,0.003357,-0.008330,0.014577,0.007531,-0.000300,0.000951,-0.003300,-0.001227,-0.000580,0.004112,0.006145,0.000017,0.001770,0.004597,0.002915
Flemish,0.133550,0.142791,0.058913,0.034178,0.043746,0.013547,0.003669,0.005513,0.008693,0.011228,-0.005553,0.004751,-0.011098,-0.003671,0.012822,0.003365,-0.004454,0.001273,0.003565,0.001435,0.004138,-0.000114,-0.000849,0.006766,0.000128
French,0.132389,0.146178,0.054980,0.024637,0.044503,0.009670,0.002641,0.004854,0.011680,0.018098,-0.005061,0.006266,-0.013580,-0.006431,0.011207,0.002769,-0.002995,0.000902,0.002624,0.000363,0.003395,0.000145,-0.001569,0.004115,-0.000004
French_Brittany,0.134789,0.144659,0.061729,0.034583,0.045460,0.013722,0.002891,0.005347,0.010594,0.013900,-0.005783,0.005780,-0.013423,-0.008723,0.015473,0.004560,-0.004894,0.001363,0.002352,0.001421,0.004001,0.001390,-0.001438,0.006437,-0.000521
French_Northeast,0.132673,0.144650,0.054831,0.027665,0.042946,0.010926,0.002982,0.004436,0.008271,0.013742,-0.005604,0.005715,-0.012807,-0.003948,0.012309,0.002566,-0.003532,0.000818,0.003073,0.001680,0.003993,-0.000732,-0.001090,0.005314,0.000300
French_Rhone-Alpes,0.131405,0.150742,0.048095,0.014433,0.044023,0.006590,0.002228,0.003815,0.012748,0.023419,-0.004852,0.007021,-0.014312,-0.004982,0.007305,0.002570,-0.001437,0.001362,0.004335,-0.002133,0.001895,-0.000744,-0.001284,0.002845,0.000465
French_South,0.129789,0.148540,0.049252,0.013818,0.044383,0.005771,0.000389,0.002676,0.014624,0.024121,-0.004596,0.006843,-0.014327,-0.007659,0.008730,0.002476,-0.002072,0.000958,0.002127,-0.001575,0.002457,-0.000239,-0.001609,0.002183,0.000242
German_Baden-Württemberg,0.132657,0.142919,0.052256,0.025848,0.038890,0.010698,0.003735,0.005014,0.005636,0.010999,-0.004220,0.004693,-0.010439,-0.003175,0.008035,0.001879,-0.001988,0.000906,0.003133,0.000409,0.002742,0.000138,-0.000436,0.004759,-0.000016
German_Bavaria_Lower/Middle_Franconia,0.134361,0.143244,0.057054,0.032200,0.040524,0.013405,0.004148,0.005974,0.006207,0.007684,-0.005040,0.003573,-0.009088,-0.004369,0.011662,0.004545,-0.003466,0.000755,0.002768,0.001530,0.001935,0.000801,-0.000427,0.006199,-0.000173
German_Bavaria_Oberpfalz,0.133660,0.140576,0.057605,0.034665,0.040047,0.013966,0.004739,0.006532,0.004389,0.004146,-0.004630,0.002136,-0.005912,0.002481,0.006989,0.001443,-0.002643,0.000715,0.003392,0.001489,0.003431,-0.001264,0.000512,0.005233,0.000477
German_Bavaria_proper,0.132769,0.143736,0.054056,0.027639,0.040417,0.011274,0.003890,0.005541,0.006614,0.010297,-0.004519,0.003983,-0.009691,-0.002271,0.008441,0.001880,-0.002117,0.000822,0.002649,0.001335,0.003964,-0.000121,-0.000499,0.004325,-0.000071
German_Bavarian_Swabia,0.133112,0.144824,0.052526,0.027435,0.041196,0.011868,0.004087,0.005160,0.005812,0.008016,-0.005539,0.002125,-0.005694,0.005468,0.005469,0.003152,-0.001165,0.001223,0.004947,-0.000033,0.002972,-0.003674,0.000389,0.004548,0.001253
German_Brandenburg_Northwest,0.135544,0.135536,0.068500,0.051171,0.045199,0.019870,0.006035,0.008556,0.006494,-0.001109,-0.005701,-0.000319,-0.001939,0.008898,0.005724,0.002941,-0.002125,0.000724,0.005580,0.002718,0.003828,-0.003742,0.001213,0.004843,0.002319
German_Brandenburg_outlier(Beeskow),0.136878,0.135040,0.072938,0.055235,0.048126,0.021560,0.008033,0.010853,0.005062,-0.009987,-0.005279,-0.006436,0.010768,0.029340,-0.010250,-0.001480,0.003533,-0.000352,0.006664,0.001534,0.002127,-0.010150,0.003618,-0.001074,0.004027
German_County_Glatz,0.135403,0.140758,0.062054,0.037427,0.044992,0.015318,0.005999,0.007731,0.007056,0.005453,-0.005612,0.001373,-0.004641,0.010333,0.000832,0.000118,0.001275,0.000377,0.005940,0.002180,0.001328,-0.003909,0.000996,0.002949,0.001230
German_East_Prussia_Central,0.138915,0.137080,0.075079,0.056299,0.047248,0.021661,0.006727,0.009368,0.006728,-0.001988,-0.005937,-0.000012,-0.002499,0.004098,0.009437,0.004242,-0.003661,0.001025,0.004125,0.002511,0.003170,-0.000418,0.000052,0.005641,0.000272
German_East_Prussia_Masuria,0.137957,0.130058,0.078600,0.064779,0.045100,0.024717,0.009151,0.012091,0.002778,-0.014948,-0.004498,-0.006295,0.009840,0.019818,-0.004415,0.001255,0.001540,-0.000382,0.004580,0.002358,0.001176,-0.005246,0.003163,0.000964,0.002285
German_East_Prussia_Memelland,0.138715,0.128543,0.081785,0.071780,0.048631,0.027859,0.009427,0.012432,0.002130,-0.021429,-0.005794,-0.010092,0.016748,0.037187,-0.010232,-0.000567,0.002887,-0.000063,0.007555,0.004007,0.005194,-0.012995,0.004566,-0.000110,0.006041
German_Farther_Pomerania,0.137222,0.134462,0.073418,0.057192,0.045674,0.022049,0.007272,0.010024,0.004628,-0.007722,-0.005055,-0.003013,0.003715,0.014946,0.002276,0.001095,-0.002278,0.000321,0.004714,0.002511,0.004200,-0.004607,0.001594,0.003323,0.002466
German_Frisian,0.137792,0.141046,0.070965,0.050946,0.048528,0.020160,0.004710,0.007025,0.008743,0.004815,-0.007177,0.003003,-0.008847,-0.000726,0.016880,0.005649,-0.006760,0.002087,0.005146,0.003318,0.005959,-0.000542,-0.000630,0.009420,0.000613
German_Hesse_South,0.131722,0.144564,0.054829,0.025996,0.042577,0.010592,0.003170,0.004692,0.009732,0.014824,-0.004605,0.004952,-0.011376,-0.004453,0.008947,0.003247,-0.001857,0.001486,0.003431,0.000089,0.003012,-0.000331,-0.000596,0.004734,0.000418
German_Hither_Pomerania,0.136396,0.137449,0.068522,0.050908,0.043925,0.020214,0.005738,0.008067,0.003907,-0.003435,-0.005609,-0.000241,-0.002252,0.007972,0.008322,0.002131,-0.003931,0.000792,0.004054,0.003574,0.005592,-0.003333,0.001131,0.005655,0.002103
German_Lower_Saxony_North,0.137010,0.137739,0.067919,0.049958,0.043748,0.019722,0.005106,0.007302,0.005622,0.001680,-0.006065,0.002641,-0.007724,-0.001967,0.015836,0.005109,-0.006654,0.001703,0.004195,0.002879,0.005099,0.000517,-0.000382,0.009327,0.000290
German_Lower_Saxony_South,0.135601,0.140724,0.065137,0.044624,0.044311,0.017794,0.005083,0.007106,0.006434,0.003847,-0.005957,0.002732,-0.007267,-0.000059,0.012643,0.003585,-0.005748,0.001354,0.004577,0.001566,0.003321,0.000145,-0.000049,0.008030,-0.000066
German_Lower_Silesia,0.137393,0.137526,0.068506,0.049047,0.045107,0.020075,0.007308,0.009166,0.003975,-0.002999,-0.005437,-0.001786,0.000441,0.016076,-0.003424,0.000102,0.003101,0.000455,0.006055,0.002858,0.002634,-0.005875,0.002555,0.000506,0.003047
German_Mecklenburg_Center/East,0.136836,0.136366,0.068638,0.050824,0.043102,0.020183,0.005966,0.008004,0.003022,-0.003593,-0.005824,0.000333,-0.003069,0.006443,0.009632,0.002770,-0.004404,0.001001,0.004648,0.003398,0.004117,-0.002338,0.001315,0.007277,0.001322
German_Mecklenburg_West,0.137724,0.137660,0.072020,0.054660,0.046561,0.021500,0.006179,0.008523,0.005108,-0.003690,-0.006253,-0.000861,-0.001083,0.009448,0.008029,0.003184,-0.003745,0.001269,0.005396,0.003086,0.004899,-0.003261,0.001278,0.006765,0.001562
German_North_Bohemia,0.135623,0.139481,0.064403,0.041911,0.044572,0.016604,0.005660,0.007914,0.005904,0.002214,-0.005487,0.000321,-0.002957,0.008723,0.001850,0.001369,0.000734,0.000467,0.004952,0.001983,0.001292,-0.003782,0.001988,0.003770,0.001170
German_North_Moravia,0.134709,0.142160,0.057786,0.036452,0.042728,0.015496,0.005042,0.006038,0.004447,0.003390,-0.006858,0.001696,-0.005283,0.008939,0.008057,0.002436,-0.002799,0.001112,0.005558,0.002293,0.003558,-0.004322,0.000324,0.005971,0.001301
German_North_Rhine,0.132754,0.144445,0.054121,0.029395,0.042082,0.012381,0.003666,0.004874,0.007624,0.011994,-0.005428,0.004869,-0.011115,-0.001472,0.010821,0.002609,-0.003520,0.001372,0.003891,0.000907,0.004753,-0.001302,-0.001101,0.004767,0.001102
German_Saarland,0.133395,0.147307,0.054992,0.023995,0.044866,0.009808,0.002754,0.005209,0.011738,0.016868,-0.004823,0.004983,-0.011300,-0.003514,0.007944,0.002594,-0.002346,0.001227,0.004262,0.000222,0.002247,0.000092,-0.000376,0.005600,-0.000041
German_Saxony,0.133664,0.139557,0.063149,0.041944,0.043334,0.016976,0.005680,0.007697,0.005043,-0.000287,-0.005240,-0.000317,-0.001225,0.010503,0.002792,0.001570,-0.001170,0.000480,0.005327,0.001566,0.002603,-0.004107,0.001677,0.004145,0.001932
German_Saxony-Anhalt_South,0.136173,0.138716,0.064934,0.044455,0.044007,0.017468,0.005631,0.007527,0.004690,-0.000141,-0.005507,-0.000111,-0.001592,0.009868,0.003484,0.001682,-0.001682,0.001214,0.006141,0.001323,0.002346,-0.002961,0.001641,0.006522,0.000822
German_Schleswig-Holstein,0.136731,0.139204,0.067484,0.045880,0.045276,0.017961,0.004347,0.006478,0.007487,0.005117,-0.005658,0.003121,-0.008763,-0.000500,0.013077,0.003577,-0.005152,0.001367,0.004477,0.003192,0.005715,-0.000331,-0.000580,0.007422,0.001166
German_Rhineland-Palatinate,0.131793,0.144785,0.053629,0.024390,0.041609,0.010022,0.003066,0.005180,0.009204,0.014328,-0.004618,0.005031,-0.011338,-0.004880,0.009708,0.002890,-0.002937,0.001039,0.003515,0.000471,0.002023,0.000503,-0.000401,0.006058,-0.000242
German_Rhineland-Palatinate_East_of_Rhine,0.133994,0.145086,0.056510,0.031034,0.043401,0.012785,0.003158,0.004623,0.008288,0.011686,-0.005940,0.005220,-0.012282,-0.003469,0.015518,0.003907,-0.005218,0.001280,0.003232,0.003020,0.006709,-0.000777,-0.002122,0.006576,0.000763
German_Thuringia_Central,0.135154,0.139775,0.062613,0.040927,0.043742,0.016233,0.005696,0.007808,0.006506,0.003539,-0.005208,0.000868,-0.003981,0.006508,0.003538,0.000958,-0.000372,0.000517,0.003524,0.001893,0.003392,-0.002470,0.000465,0.002129,0.000771
German_Thuringia_East,0.135731,0.136265,0.064488,0.045196,0.041726,0.018001,0.005887,0.007679,0.003016,-0.002850,-0.004897,-0.000931,-0.000347,0.011662,0.000881,0.000147,-0.000507,0.000475,0.005152,0.002075,0.002412,-0.003374,0.001948,0.003924,0.001430
German_West_Bohemia,0.133913,0.141642,0.057966,0.033020,0.042055,0.013218,0.004194,0.006473,0.007148,0.006984,-0.004431,0.002125,-0.006704,0.002104,0.006830,0.002343,-0.001929,0.000632,0.003287,0.002031,0.004877,-0.001812,-0.000005,0.004064,0.001575
German_West_Prussia,0.137117,0.134263,0.071980,0.056053,0.044480,0.021797,0.007301,0.009921,0.003040,-0.008782,-0.005105,-0.003393,0.003898,0.015693,0.000445,0.000710,-0.000803,0.000326,0.004785,0.002972,0.003785,-0.004820,0.002524,0.003153,0.002314
German_Westphalia,0.136242,0.139274,0.065054,0.044195,0.042400,0.017372,0.005075,0.007017,0.004934,0.003041,-0.005411,0.003118,-0.008041,-0.002665,0.014037,0.003731,-0.006085,0.001317,0.003671,0.002142,0.003807,0.001172,-0.000230,0.008579,-0.000328
Greek,0.118129,0.149434,0.005188,-0.027499,0.017263,-0.007612,0.002594,0.000524,-0.000392,0.015693,-0.000443,0.002874,-0.004578,0.004750,-0.008580,-0.000483,0.004518,0.000379,0.004363,-0.003528,-0.002934,-0.001858,0.000615,-0.000987,0.000450
Greek_Central-Macedonia,0.119631,0.147459,0.013560,-0.019827,0.021621,-0.005150,0.003190,0.002435,0.002077,0.014806,-0.000499,0.001985,-0.003320,0.007380,-0.011773,-0.002124,0.005769,-0.000441,0.004367,-0.003142,-0.003974,-0.002292,0.001305,-0.002254,0.000767
Greek_NE,0.120980,0.149158,0.012785,-0.018621,0.021989,-0.004240,0.002773,0.001213,0.000781,0.014678,-0.001857,0.002674,-0.004695,0.006886,-0.007410,-0.000355,0.004136,0.000661,0.005261,-0.002838,-0.002541,-0.002487,0.000835,0.000416,0.000289
Hungarian,0.131443,0.133336,0.057888,0.038389,0.037703,0.015087,0.006497,0.008249,0.002925,-0.003260,-0.003646,-0.002134,0.002880,0.012633,-0.003739,-0.000317,0.001593,-0.000235,0.003890,0.000482,-0.000180,-0.003516,0.002160,0.001044,0.000976
Icelandic,0.136076,0.136878,0.068538,0.048864,0.043472,0.018693,0.004781,0.007132,0.006581,0.002539,-0.005377,0.002952,-0.007879,-0.003809,0.016495,0.004550,-0.007460,0.001342,0.003014,0.002566,0.005169,0.001277,-0.000949,0.008652,0.000011
Irish_Connacht,0.135284,0.139998,0.064770,0.044016,0.043316,0.017443,0.003857,0.006218,0.007319,0.006063,-0.005734,0.004141,-0.010356,-0.006136,0.017347,0.004640,-0.007202,0.001243,0.002435,0.002513,0.004920,0.001210,-0.001009,0.007731,0.000123
Irish_Leinster,0.135492,0.141606,0.064813,0.042025,0.044532,0.016513,0.003848,0.006315,0.008448,0.008107,-0.005638,0.004513,-0.011002,-0.006537,0.016725,0.004531,-0.006685,0.001267,0.002542,0.002220,0.004813,0.001295,-0.001239,0.007480,0.000030
Irish_Munster,0.135354,0.140858,0.064954,0.043434,0.044247,0.017152,0.003492,0.005833,0.008135,0.007394,-0.005872,0.004456,-0.011022,-0.006476,0.017816,0.004952,-0.007256,0.001365,0.002626,0.002453,0.005327,0.001068,-0.001275,0.007736,0.000299
Irish_Ulster,0.135035,0.140688,0.064413,0.043252,0.043951,0.017250,0.003544,0.005911,0.008136,0.007333,-0.005908,0.004406,-0.010927,-0.006126,0.017542,0.004749,-0.007128,0.001240,0.002473,0.002487,0.005138,0.000795,-0.001195,0.007272,0.000391
Italian,0.118100,0.152339,0.013215,-0.024089,0.025484,-0.007423,0.000777,0.000665,0.008251,0.024336,-0.000880,0.005232,-0.009449,-0.003279,-0.001291,0.000910,0.001456,0.000380,0.002604,-0.002978,-0.000192,-0.000369,-0.001265,-0.000352,0.000275
Italian_North,0.127133,0.150214,0.036267,0.001655,0.036915,0.001849,0.002104,0.003076,0.009919,0.022456,-0.003306,0.006349,-0.012377,-0.004228,0.003435,0.001142,0.000062,0.000562,0.003392,-0.002270,0.000279,-0.000016,-0.001189,0.001807,-0.000151
Italian_South,0.108185,0.153374,-0.008539,-0.047006,0.014115,-0.015768,-0.000543,-0.001358,0.006806,0.023455,0.001613,0.002948,-0.004318,-0.001044,-0.005337,0.001104,0.001985,0.000127,0.001599,-0.002805,-0.000227,-0.001062,-0.001069,-0.001950,0.000861
Jewish_Ashkenazi,0.100826,0.143404,-0.009692,-0.043390,0.009901,-0.014836,-0.001115,-0.000702,0.008738,0.015819,0.002695,-0.000584,0.002668,-0.002331,-0.001689,0.004255,-0.000797,-0.000064,-0.000133,-0.000491,-0.000474,-0.000362,-0.000531,-0.000461,0.000151
Latvian,0.139070,0.123567,0.087501,0.079050,0.044874,0.029580,0.011230,0.015377,-0.000357,-0.029130,-0.002811,-0.012583,0.022143,0.034846,-0.014057,-0.001160,0.003793,-0.001628,0.004742,0.003336,0.002660,-0.009997,0.005014,-0.002838,0.005519
Montenegrin,0.129615,0.141526,0.041309,0.015221,0.032193,0.007524,0.005582,0.006146,0.001455,0.004759,-0.002825,0.000253,-0.001266,0.009860,-0.006981,-0.000998,0.003902,-0.000140,0.004865,-0.001152,-0.002538,-0.002776,0.002203,0.000796,0.000558
Norwegian,0.136954,0.134034,0.071968,0.053185,0.043420,0.019758,0.005242,0.007994,0.006264,-0.000259,-0.004722,0.001761,-0.005886,-0.003233,0.014883,0.004866,-0.006586,0.001207,0.002929,0.002918,0.005120,0.001521,-0.000535,0.008470,0.000255
North_Macedonian,0.124224,0.146369,0.027013,-0.003646,0.027769,0.000604,0.003709,0.003851,0.003834,0.010615,-0.001719,0.000134,-0.000259,0.008425,-0.009743,0.000790,0.004564,0.000961,0.005710,-0.003171,-0.003386,-0.002462,0.002152,0.000625,0.000494
Polish,0.138129,0.131596,0.074976,0.061423,0.044330,0.024208,0.009177,0.011520,0.000610,-0.016264,-0.005158,-0.007041,0.011291,0.026278,-0.008105,-0.000191,0.003396,-0.000312,0.005899,0.002650,0.000996,-0.007944,0.004132,0.000610,0.002891
Portuguese,0.101708,0.149376,0.040087,-0.001751,0.042858,-0.001890,-0.002376,0.003648,0.024487,0.028469,-0.003010,0.006863,-0.013642,-0.012237,0.009903,0.001452,-0.001951,-0.001005,-0.002151,-0.000780,0.001719,-0.001512,-0.000988,0.000057,0.000340
Romanian,0.128365,0.138996,0.039718,0.014743,0.030889,0.006961,0.005774,0.006585,0.002387,0.005513,-0.002351,0.000381,-0.000619,0.008225,-0.007330,-0.001491,0.003614,-0.000623,0.003667,-0.002181,-0.004160,-0.001473,0.001683,-0.000576,-0.000509
Russian,0.136264,0.112037,0.081750,0.070859,0.034906,0.024480,0.010976,0.014641,-0.001928,-0.026349,-0.000210,-0.009906,0.018469,0.019468,-0.011484,-0.001325,0.002456,-0.001953,0.001258,0.000516,-0.002846,-0.002126,0.003904,-0.001972,0.000631
Scottish,0.135605,0.140922,0.064429,0.041716,0.043644,0.016426,0.003924,0.006247,0.007705,0.007695,-0.005601,0.004580,-0.011083,-0.007077,0.016651,0.004641,-0.006550,0.001364,0.002688,0.002060,0.004247,0.001784,-0.001104,0.008028,-0.000384
Serb,0.130078,0.140485,0.044594,0.019511,0.034274,0.008854,0.006101,0.006835,0.001682,0.002716,-0.003117,-0.000868,0.000930,0.014466,-0.009365,-0.002172,0.004760,-0.000533,0.004852,-0.000792,-0.002087,-0.004398,0.002391,-0.001043,0.001168
Slovak,0.136102,0.133355,0.068748,0.051154,0.041999,0.019942,0.008003,0.010600,0.002583,-0.009651,-0.003980,-0.004741,0.007529,0.018314,-0.005826,0.000172,0.001830,-0.000230,0.004963,0.000908,-0.000014,-0.004930,0.003163,0.001403,0.001886
Slovenian,0.135460,0.138281,0.064250,0.042714,0.043596,0.017184,0.006496,0.008740,0.004479,-0.001678,-0.005159,-0.001799,0.001417,0.014281,-0.003053,0.000383,0.002323,0.000270,0.005225,0.001324,0.000667,-0.004789,0.002553,0.002185,0.001286
Spanish,0.116733,0.150456,0.041727,-0.000014,0.045293,-0.000711,-0.001044,0.002790,0.022967,0.032041,-0.003290,0.007213,-0.014378,-0.010218,0.008627,0.000811,-0.002195,0.000483,-0.001210,-0.001188,0.002433,-0.001468,-0.001942,-0.001586,0.000508
Swedish,0.136687,0.130780,0.073738,0.055290,0.043449,0.019903,0.006147,0.009255,0.006428,-0.002720,-0.003893,0.000210,-0.002492,0.000707,0.010874,0.003692,-0.005448,0.000774,0.003062,0.002576,0.004460,0.000510,-0.000040,0.007120,0.000655
Swiss_German_North,0.133471,0.145612,0.053657,0.024114,0.042039,0.010145,0.003309,0.005045,0.008271,0.014780,-0.004845,0.005559,-0.012319,-0.003526,0.008183,0.001769,-0.001731,0.000810,0.003445,0.000612,0.002538,-0.000399,-0.000572,0.004263,0.000372
Ukrainian,0.135184,0.127108,0.071447,0.057436,0.039198,0.021840,0.010095,0.012546,-0.000508,-0.017020,-0.003032,-0.006754,0.012260,0.022095,-0.009903,-0.002043,0.003078,-0.001492,0.003254,0.000499,-0.001844,-0.004535,0.003055,-0.002139,0.001165
Upper_Silesia,0.138025,0.132135,0.076825,0.061812,0.047139,0.024200,0.008074,0.011199,0.003705,-0.013118,-0.005161,-0.006581,0.009728,0.026010,-0.006983,0.000264,0.002997,0.000078,0.006418,0.003482,0.003642,-0.009235,0.003982,0.001202,0.004422
Welsh,0.135411,0.141540,0.064706,0.041885,0.044635,0.016319,0.003769,0.006256,0.008327,0.008098,-0.005694,0.004458,-0.011065,-0.006393,0.016643,0.004596,-0.006602,0.001422,0.002794,0.002352,0.005030,0.001123,-0.000955,0.007901,0.000103
Amerindian,0.051644,-0.295083,0.114902,0.090776,-0.101007,-0.012895,-0.273317,-0.324419,-0.011285,-0.015289,-0.002059,-0.003531,0.003218,0.018887,-0.009080,0.002855,0.005744,0.000525,0.002737,0.000896,0.000740,0.002583,0.001136,0.002639,0.002268
Armenian,0.107343,0.135002,-0.059021,-0.052521,-0.036426,-0.010784,0.005301,-0.005363,-0.037237,-0.009274,0.001748,0.003078,-0.004854,0.001802,-0.001403,-0.000398,0.001333,0.000585,0.000371,-0.002313,0.001669,-0.001304,-0.000264,-0.003598,0.001007
Assyrian,0.093620,0.136498,-0.061503,-0.068538,-0.031214,-0.019572,0.001762,-0.006033,-0.020815,-0.003028,0.004876,-0.002024,0.006245,0.002014,-0.004249,0.005487,-0.000827,0.001642,0.001161,-0.003000,0.001444,0.000122,-0.000954,-0.002009,0.001176
Chinese,0.022117,-0.466132,-0.008514,-0.068568,0.076633,0.034740,0.003576,-0.001009,-0.013416,0.000914,-0.067306,-0.008583,0.010430,-0.005866,-0.007150,0.000610,0.001601,-0.002254,-0.006622,-0.008510,0.011343,0.016159,0.014757,-0.000020,0.013201
Indian,0.054892,-0.052866,-0.159286,0.110906,-0.081358,0.064720,0.002175,0.013280,0.032800,0.020909,-0.007051,0.000388,-0.000670,-0.001439,-0.000482,0.000514,0.000573,-0.000595,-0.000391,-0.002325,0.000723,0.000449,0.000950,0.000545,0.000918
Levantine,0.083867,0.146055,-0.051858,-0.082156,-0.015710,-0.028651,-0.002701,-0.005114,0.002330,0.005804,0.006961,-0.006477,0.015276,0.001956,-0.005591,0.008380,-0.002934,0.000865,0.000708,-0.000390,-0.000209,0.001588,-0.001079,0.000520,0.000753
Nepalese,0.073427,-0.036856,-0.105138,0.084798,-0.064853,0.051523,0.000890,0.008678,0.012039,0.004136,-0.007712,-0.000198,0.000405,-0.003068,0.001622,0.000998,-0.000485,-0.001424,-0.001170,-0.002706,-0.001529,0.001626,0.002028,0.000235,0.000679
North-African,-0.049137,0.135605,-0.009191,-0.064973,0.019682,-0.027401,-0.017902,0.006757,0.049016,0.017730,0.004643,-0.005328,0.016335,-0.008665,0.010857,-0.004832,-0.000999,-0.010532,-0.015541,0.004369,-0.003713,-0.012344,0.007978,-0.002262,0.002066
Sub-Saharan_African,-0.663059,0.071069,0.020140,0.013115,0.002476,0.012226,-0.027623,0.039299,-0.039012,0.028693,0.004690,-0.003925,0.012603,0.001529,0.007564,-0.005485,0.004687,0.001618,-0.001723,0.000138,0.000564,-0.003415,0.001107,0.000234,0.000620
Turkish,0.107597,0.105718,-0.007661,-0.017026,-0.011920,-0.002710,0.006400,0.001119,-0.022008,-0.008447,0.000781,0.001797,-0.002493,-0.002566,-0.000947,-0.001216,0.001240,-0.001157,-0.001543,-0.000967,-0.003148,0.001966,0.000135,-0.001489,-0.001318
Albanian_Kosovo,0.125359,0.150546,0.021863,-0.012084,0.028580,-0.001965,0.003708,0.002679,0.003019,0.018407,-0.002444,0.003994,-0.007500,0.007128,-0.009444,-0.002111,0.005842,0.000171,0.005790,-0.003766,-0.003436,-0.003084,0.001001,-0.001215,0.000691
Albanian_Montenegro,0.125377,0.148423,0.025619,-0.007610,0.028946,-0.000758,0.003832,0.003657,0.003677,0.015873,-0.002066,0.003181,-0.006315,0.005949,-0.008088,-0.001930,0.005056,-0.000284,0.004464,-0.002484,-0.003030,-0.002144,0.000857,-0.001003,0.000360
Albanian_North_Macedonia,0.122855,0.149721,0.019622,-0.015133,0.026242,-0.003416,0.003407,0.002959,0.003722,0.017171,-0.001540,0.002835,-0.004794,0.006082,-0.010602,-0.001326,0.005723,0.000094,0.005594,-0.004284,-0.005624,-0.002005,0.001738,0.000082,-0.000164
Albanian_North,0.123207,0.151610,0.017689,-0.017746,0.027337,-0.004362,0.003002,0.002075,0.004433,0.020186,-0.001950,0.003894,-0.007063,0.006061,-0.009483,-0.001277,0.005682,0.000351,0.005689,-0.004008,-0.003684,-0.002787,0.000761,-0.001084,0.000632
Albanian_South,0.120727,0.151863,0.013287,-0.023299,0.024482,-0.006305,0.002869,0.001592,0.004202,0.021089,-0.001340,0.004253,-0.007356,0.003856,-0.009262,-0.001086,0.005516,0.000047,0.005275,-0.004505,-0.004788,-0.001767,0.000598,-0.000824,0.000171
Basque_France,0.128744,0.155554,0.054235,0.009137,0.054135,0.002009,-0.001654,0.002932,0.028498,0.040740,-0.005518,0.010796,-0.021869,-0.018162,0.015654,0.001300,-0.006936,0.000809,-0.001928,-0.002037,0.007116,0.001002,-0.005239,-0.004991,0.000833
Basque_Spain,0.128857,0.156036,0.053386,0.007897,0.054775,0.001314,-0.001567,0.002869,0.028716,0.041685,-0.005813,0.010922,-0.021932,-0.016975,0.014437,0.000901,-0.006416,0.000917,-0.001447,-0.002434,0.006655,0.000846,-0.005333,-0.005483,0.000669
Belarusian_East,0.137812,0.125179,0.078222,0.068411,0.041493,0.026091,0.010762,0.013788,-0.001503,-0.024001,-0.003416,-0.009876,0.017553,0.029631,-0.012209,-0.001712,0.003378,-0.001347,0.004419,0.001814,-0.000103,-0.007630,0.004642,-0.001718,0.002999
Belarusian_Polesia,0.137217,0.128790,0.076561,0.063910,0.044330,0.024757,0.009855,0.012889,0.001230,-0.019350,-0.004059,-0.009188,0.016020,0.031620,-0.013243,-0.001949,0.003897,-0.001049,0.006188,0.001850,0.000149,-0.009306,0.004965,-0.001434,0.003989
Belarusian_West,0.137386,0.127214,0.077752,0.064994,0.043179,0.024645,0.010013,0.013027,0.000289,-0.020554,-0.003617,-0.009035,0.015871,0.028969,-0.012258,-0.001970,0.003559,-0.001227,0.004889,0.001797,-0.000208,-0.007711,0.004614,-0.001639,0.003079
Belgian-2,0.134039,0.144437,0.058375,0.031799,0.044145,0.012803,0.003242,0.005109,0.009697,0.013982,-0.005478,0.005787,-0.013376,-0.005935,0.013984,0.003465,-0.004476,0.001237,0.003345,0.001761,0.004928,0.000313,-0.001534,0.006389,0.000344
Bulgarian-2,0.124772,0.142229,0.027298,0.001408,0.025661,0.001852,0.004902,0.004481,-0.000579,0.005008,-0.001850,-0.000357,0.000712,0.011431,-0.009640,-0.001241,0.004784,-0.000289,0.004326,-0.001692,-0.003043,-0.003254,0.002011,-0.000789,0.000474
Carpathian_Rusyns,0.135312,0.133884,0.065915,0.047272,0.041592,0.018423,0.008270,0.010418,0.002375,-0.008881,-0.003892,-0.005097,0.008748,0.021733,-0.010384,-0.001681,0.003928,-0.000622,0.005275,0.000370,-0.001601,-0.005745,0.003606,-0.000841,0.001565
Cyprus,0.101693,0.151081,-0.035720,-0.069814,-0.004582,-0.023141,-0.000221,-0.003693,-0.001763,0.016150,0.004500,0.000083,0.001576,0.001946,-0.009873,0.002287,0.002334,0.000368,0.001953,-0.002729,-0.000644,0.000424,-0.001443,-0.002542,0.001242
Czech_Moravia,0.135921,0.136652,0.066039,0.046969,0.043255,0.018690,0.007077,0.009151,0.003258,-0.004863,-0.004917,-0.002557,0.003151,0.016080,-0.002755,0.000107,0.001358,0.000147,0.005103,0.001375,0.001574,-0.005230,0.002433,0.001782,0.001799
Estonian-2,0.137128,0.113776,0.085669,0.076557,0.038937,0.026931,0.010395,0.014803,0.000699,-0.025871,-0.000533,-0.009745,0.017350,0.020052,-0.006937,0.000151,0.000103,-0.001380,0.002201,0.002270,0.002053,-0.003693,0.003295,0.000623,0.002771
Finnish_Southwest,0.134759,0.099948,0.087212,0.076833,0.032415,0.023512,0.009043,0.014425,0.003337,-0.022347,0.003070,-0.006986,0.012393,0.003439,0.000595,0.001013,-0.003434,-0.001449,-0.001424,0.002780,0.004123,0.002900,0.001118,0.003857,0.001154
Finnish_Northeast,0.134621,0.085374,0.095803,0.084514,0.029675,0.022395,0.011679,0.018305,0.002571,-0.029385,0.005991,-0.009433,0.017499,0.005802,-0.001058,0.000489,-0.003995,-0.001545,-0.001748,0.003761,0.006237,0.001071,0.001274,0.004916,0.002425
Finnish_Southeast_Ingria,0.132653,0.090897,0.094444,0.082724,0.034036,0.026620,0.009563,0.016262,0.002057,-0.029447,0.002952,-0.010904,0.018557,0.013589,-0.004513,0.000841,-0.001311,-0.001252,-0.000020,0.005063,0.007471,-0.002623,0.003337,0.004014,0.004960
Finnish_Central,0.1308967,0.0877419,0.0884347,0.0778107,0.0303441,0.024403,0.0102464,0.0144688,0.0028839,-0.0239822,0.003183,-0.0058749,0.012324,0.0055187,0.0023071,0.0003977,-0.0068191,-0.0003293,0.0000125,0.0025263,0.0072247,-0.0019412,0.0016516,0.0083142,0.0040116
East_Finnish,0.12615392,0.077011,0.093148667,0.082741833,0.027671667,0.022078833,0.0084210833,0.014499333,0.0041755833,-0.030752417,0.0062925833,-0.00925425,0.018111833,0.0024885,-0.0021940833,0.0055245833,0.0060736667,-0.00115075,-0.0023883333,0.0055964167,0.0094105,0.001288,0.0021671667,0.00603475,0.0030235
North_Finnish,0.12988467,0.07797,0.093819333,0.080211667,0.026979222,0.024077556,0.0087996667,0.015871111,0.0047495556,-0.027780889,0.0043845556,-0.0069436667,0.016633333,0.0074927778,0.00033177778,-0.0077048889,-0.016471889,0.0016468889,-0.00065655556,0.0032514444,0.0086236667,0.00012377778,0.00054766667,0.0063058889,0.0055083333
Finnish_Southeast,0.13120682,0.088258455,0.088897818,0.078342182,0.033069091,0.020485636,0.0091864545,0.013929273,0.0025844545,-0.021487182,0.0028935455,-0.0058720909,0.011622636,0.0032779091,0.0026034545,0.012909364,0.011568455,0.00013809091,-0.0016912727,0.0067077273,0.0080539091,-0.0010118182,0.0016470909,0.00838,-0.00040272727
Saami_Finland,0.118376,-0.008463,0.107228,0.076766333,-0.0027696667,0.008274,0.0094,0.014307,0.00047733333,-0.028307333,0.020515,-0.0070436667,0.017591667,-0.0099086667,-0.00027133333,-0.0064526667,-0.013038333,-0.00029566667,-0.0035616667,0.0017923333,0.016429667,-0.000041333333,-0.0037796667,0.0042176667,-0.00012
Saami_Sweden,0.11119638,-0.031637846,0.11142462,0.079880385,-0.0099425385,0.0085597692,0.0080806154,0.014324769,0.0030206923,-0.031863308,0.022084692,-0.0073434615,0.017622,-0.021119846,-0.0034139231,0.0037737692,0.0021763846,-0.0018516154,-0.0064200769,0.0044348462,0.014887077,0.0017216154,-0.0018201538,0.0031513846,0.00057107692
French_Brittany2,0.135230,0.144965,0.062453,0.035662,0.045230,0.014199,0.002475,0.005124,0.010331,0.013727,-0.005971,0.006012,-0.014425,-0.011507,0.017507,0.005563,-0.005331,0.001672,0.001969,0.001870,0.004264,0.002248,-0.001219,0.007837,-0.000984
French_Corsica,0.118027,0.156477,0.014390,-0.029488,0.030698,-0.010533,-0.000854,0.000362,0.014770,0.034177,-0.000533,0.007427,-0.013703,-0.008206,-0.000448,0.000845,0.001482,-0.000049,0.001613,-0.004068,0.000519,-0.000045,-0.002296,-0.002183,0.000949
French-2,0.131706,0.147495,0.054468,0.021500,0.045375,0.008391,0.002045,0.004661,0.013641,0.020765,-0.004653,0.006522,-0.013964,-0.007606,0.010277,0.002522,-0.002520,0.000752,0.002124,-0.000125,0.002956,0.000141,-0.001473,0.003278,0.000023
French_Central,0.131513,0.150538,0.050199,0.014171,0.045700,0.006023,0.001697,0.003577,0.014515,0.026475,-0.004854,0.008363,-0.017197,-0.008178,0.009534,0.002429,-0.001457,0.001144,0.003300,-0.001099,0.003447,-0.000311,-0.002321,0.002441,0.000434
French_Northwest,0.133853,0.146102,0.058982,0.029910,0.045845,0.011811,0.002941,0.005466,0.011831,0.016379,-0.005365,0.006125,-0.013444,-0.006979,0.013604,0.003132,-0.004625,0.000959,0.002563,0.000897,0.003905,0.000721,-0.001756,0.005427,-0.000149
French_Southwest,0.129566,0.155138,0.052942,0.009601,0.052997,0.002651,-0.000814,0.003072,0.025676,0.037658,-0.005973,0.009864,-0.019959,-0.014022,0.012807,0.001286,-0.005015,0.001040,-0.000420,-0.002088,0.005566,0.000569,-0.004692,-0.003816,0.000149
Greek_Andros,0.109995,0.149905,-0.006611,-0.042806,0.013699,-0.014260,-0.000146,-0.001468,0.003405,0.021520,0.000753,0.003461,-0.006096,0.001177,-0.007222,-0.000839,0.003795,-0.000481,0.002347,-0.002213,-0.001712,-0.001530,-0.000190,-0.001758,0.001079
Greek_Azov,0.114429,0.133992,-0.010844,-0.027192,-0.004321,-0.006139,0.004884,-0.000280,-0.018003,-0.000050,0.000744,0.002613,-0.004083,0.001227,-0.005459,-0.002014,0.003664,-0.000449,0.000431,-0.002039,-0.002359,0.001106,0.000144,-0.002324,-0.001081
Greek_Central,0.120787,0.149128,0.010850,-0.024529,0.022483,-0.006742,0.002583,0.001034,0.003338,0.018341,-0.001029,0.003435,-0.006419,0.003376,-0.007054,0.000406,0.004335,0.000512,0.004952,-0.001833,-0.003085,-0.000906,-0.000012,-0.000690,-0.000111
Greek_Chios,0.111819,0.151319,-0.014135,-0.047477,0.007120,-0.014608,0.001705,-0.001653,-0.003098,0.016995,0.001369,0.002840,-0.004258,0.003439,-0.009573,-0.000766,0.004235,0.000447,0.003301,-0.003393,-0.001577,-0.001048,-0.000249,-0.002317,0.000647
Greek_Crete,0.109305,0.150603,-0.015434,-0.051045,0.006649,-0.016850,0.000688,-0.001787,0.000859,0.017627,0.002230,0.001935,-0.002503,-0.000354,-0.006744,0.001759,0.002782,0.000367,0.002265,-0.001554,-0.001863,0.000980,-0.001077,-0.000988,-0.000319
Greek_Cyclades,0.115249,0.148870,-0.005326,-0.034601,0.009171,-0.009584,0.002152,-0.001144,-0.004969,0.013180,0.000000,0.003182,-0.004924,0.001481,-0.004876,0.001508,0.003029,0.000981,0.003623,-0.003509,-0.001644,-0.000971,-0.000050,0.000658,0.000186
Greek_Dodecanese,0.109116,0.150523,-0.021776,-0.055175,0.002513,-0.017473,0.000774,-0.002756,-0.003711,0.016736,0.002204,0.002564,-0.003952,0.002493,-0.008890,-0.000861,0.003456,-0.000045,0.002290,-0.002319,-0.001028,-0.000363,-0.000769,-0.002322,0.000708
Greek_Euboea,0.119125,0.150732,0.011168,-0.024085,0.021461,-0.006962,0.002566,0.001411,0.003232,0.018895,-0.000578,0.003550,-0.005348,0.001588,-0.007759,0.000477,0.004735,0.000473,0.003784,-0.005025,-0.003995,-0.000820,0.000144,-0.001135,-0.000592
Greek_Ikaria,0.111030,0.151565,-0.014397,-0.050511,0.007894,-0.016337,0.001101,-0.001447,0.000344,0.019445,0.001840,0.002903,-0.004654,0.000426,-0.008289,0.000096,0.003796,0.000077,0.002348,-0.002450,-0.001681,0.000620,-0.001236,-0.002406,0.000027
Greek_Istanbul,0.121026,0.147171,0.003086,-0.023895,0.012005,-0.005372,0.004834,0.000430,-0.008908,0.009268,-0.000689,0.003426,-0.005825,0.006342,-0.007806,-0.002744,0.004440,0.000923,0.004333,-0.002002,-0.001036,-0.000722,0.000053,-0.000900,-0.000686
Greek_Kalymnos,0.111555,0.152248,-0.016920,-0.050282,0.005503,-0.015453,0.001556,-0.002443,-0.004189,0.016973,0.001431,0.002955,-0.003792,0.003051,-0.009173,0.000260,0.003884,0.000953,0.003939,-0.004496,-0.002173,-0.000883,-0.000236,-0.001222,0.000233
Greek_Kythira,0.111358,0.152695,-0.011499,-0.047920,0.009784,-0.015043,0.000848,-0.001784,-0.000251,0.021649,0.000956,0.004744,-0.007956,-0.001605,-0.006443,0.000281,0.004618,0.000189,0.002502,-0.003155,-0.002041,-0.000368,-0.000742,-0.001488,0.000056
Greek_Macedonia,0.121135,0.148139,0.012260,-0.018451,0.020332,-0.004207,0.003616,0.001657,-0.001023,0.012448,-0.001221,0.002129,-0.003597,0.008256,-0.009341,-0.001249,0.004990,0.000208,0.004864,-0.002484,-0.002568,-0.002799,0.000966,-0.001485,0.000816
Greek_Peloponnese,0.118954,0.149761,0.007642,-0.026101,0.019535,-0.007527,0.002260,0.000696,0.002100,0.016108,-0.000484,0.002220,-0.003541,0.005032,-0.008186,0.000246,0.003979,0.000436,0.004527,-0.002876,-0.002785,-0.001552,0.000352,-0.000549,0.000299
Greek_Pontic,0.108216,0.146124,-0.044944,-0.062680,-0.021145,-0.016953,0.005094,-0.005236,-0.031894,0.002067,0.002469,0.005720,-0.009979,0.005133,-0.009144,-0.007044,0.006009,-0.000019,0.000598,-0.001657,0.003301,-0.001051,-0.000907,-0.005705,0.001277
Greek_Thrace,0.120849,0.152111,0.005118,-0.022763,0.018031,-0.004635,0.003880,-0.000214,-0.005873,0.014404,-0.002956,0.004691,-0.008183,0.008513,-0.006503,-0.001984,0.004251,0.001419,0.006232,-0.004037,-0.000795,-0.003234,0.000286,-0.000240,0.000208
Hungarian-2,0.132151,0.133023,0.056209,0.037643,0.037718,0.014705,0.006376,0.008004,0.001897,-0.003243,-0.003918,-0.001743,0.002162,0.012884,-0.003195,-0.000322,0.001637,-0.000316,0.004090,0.000874,-0.000129,-0.003880,0.002261,0.001360,0.001059
Italian_Aosta,0.128962,0.151855,0.040656,0.005143,0.040676,0.002701,0.001475,0.002707,0.012111,0.025279,-0.004222,0.007644,-0.015690,-0.007311,0.007378,0.001700,-0.001161,0.001057,0.003138,-0.001521,0.001838,0.000219,-0.001734,0.002665,-0.000008
Italian_Apulia,0.113073,0.151356,-0.004875,-0.040214,0.015718,-0.013941,0.000310,-0.001229,0.004286,0.022255,0.000475,0.003805,-0.006724,0.000041,-0.005873,0.000689,0.003610,0.000247,0.002759,-0.002060,-0.000697,-0.000790,-0.001273,-0.001636,0.000621
Italian_Calabria,0.106960,0.153306,-0.013729,-0.052604,0.010525,-0.017533,-0.000343,-0.001753,0.004562,0.022936,0.002078,0.002984,-0.004163,-0.000610,-0.007458,0.000590,0.003342,-0.000018,0.001737,-0.002999,-0.001493,-0.000891,-0.000661,-0.002319,0.000597
Italian_Campania,0.110459,0.153839,-0.009300,-0.047374,0.012990,-0.015450,0.000047,-0.001409,0.004548,0.024164,0.001374,0.003974,-0.006299,-0.001646,-0.006618,0.000933,0.003309,0.000230,0.002508,-0.004259,-0.001570,-0.000686,-0.000942,-0.001633,0.000710
Italian_Friuli,0.126284,0.149514,0.035270,0.000517,0.035992,0.001462,0.002240,0.003632,0.010189,0.018974,-0.002790,0.003673,-0.007537,0.001222,-0.000907,0.000887,0.001340,0.000284,0.003893,-0.001570,-0.000562,-0.001671,-0.000017,0.001311,0.000530
Italian_Lazio,0.116179,0.154878,0.005223,-0.034887,0.021942,-0.011183,-0.000209,-0.000804,0.007691,0.027339,-0.000416,0.005948,-0.010288,-0.005777,-0.001510,0.001826,0.001914,0.000665,0.002342,-0.004234,-0.001428,-0.000271,-0.001092,0.000064,-0.000149
Italian_Marche,0.120426,0.153428,0.016369,-0.023656,0.028643,-0.007838,-0.000022,0.000329,0.011184,0.029151,-0.001005,0.006469,-0.012222,-0.007000,-0.001134,0.001902,0.002231,0.000490,0.003145,-0.003959,-0.001488,0.000838,-0.001377,0.000093,-0.000063
Italian_Sardinia,0.125104,0.172188,0.030690,-0.055800,0.064853,-0.025093,-0.005551,0.001444,0.047255,0.086048,0.000667,0.019083,-0.031343,-0.014797,-0.016161,-0.005572,0.012288,-0.002041,-0.001647,-0.013825,-0.002133,-0.001574,-0.008371,-0.024352,0.002440
Italian_Tuscany,0.121695,0.154524,0.018749,-0.020651,0.030567,-0.006511,0.000407,0.000610,0.010400,0.028616,-0.001718,0.007115,-0.013478,-0.006097,0.001063,0.000969,0.001362,0.000446,0.002519,-0.002851,0.000809,-0.000100,-0.002043,-0.000303,0.000285
Italian_Veneto,0.128490,0.149838,0.037400,0.003722,0.037425,0.002614,0.002977,0.003680,0.008904,0.021021,-0.003505,0.005863,-0.011775,-0.000224,0.000592,-0.000675,0.001562,0.000365,0.003603,-0.001710,0.001212,-0.001044,-0.001315,-0.000098,0.000229
Italian_Sicily_Agrigento,0.103378,0.149525,-0.010758,-0.046652,0.012336,-0.015984,-0.001514,-0.001320,0.009958,0.022850,0.002077,0.001569,-0.001056,-0.002834,-0.004624,0.003531,0.001154,0.000347,0.001284,-0.003132,-0.001944,-0.000115,-0.000769,-0.000867,-0.000007
Italian_Sicily_Caltanisetta,0.104882,0.152182,-0.010405,-0.047947,0.012814,-0.016815,-0.001004,-0.001404,0.007200,0.022070,0.001666,0.002358,-0.003037,-0.001893,-0.004193,0.002021,0.001596,0.000047,0.001206,-0.002570,-0.000940,-0.000889,-0.000587,-0.000864,0.000398
Italian_Sicily_Catania,0.103974,0.151336,-0.012497,-0.050646,0.011101,-0.017373,-0.000950,-0.001336,0.006437,0.021911,0.001961,0.002549,-0.003772,-0.001501,-0.005645,0.000445,0.002520,-0.000490,0.000569,-0.001956,-0.001577,-0.000853,-0.000448,-0.001642,0.000511
Italian_Sicily_Messina,0.102789,0.152640,-0.013548,-0.052562,0.011047,-0.017965,-0.001129,-0.001486,0.007375,0.022443,0.002286,0.001917,-0.002065,-0.000664,-0.006304,0.001160,0.002372,-0.000292,0.000737,-0.002634,-0.001300,-0.001527,-0.000322,-0.002021,0.000830
Italian_Sicily_Palermo,0.104240,0.152273,-0.009247,-0.047745,0.013089,-0.016340,-0.001037,-0.001289,0.007510,0.022760,0.001776,0.002837,-0.004109,-0.002808,-0.003648,0.001205,0.001708,-0.000314,0.000180,-0.002112,-0.000413,-0.001026,-0.000796,-0.001669,0.000612
Italian_Sicily_Ragusa,0.102336,0.151660,-0.008644,-0.046227,0.014037,-0.016071,-0.000458,-0.000970,0.007936,0.021894,0.001633,0.001804,-0.002146,-0.000021,-0.005709,0.001647,0.002049,-0.000128,0.001668,-0.002445,-0.001447,-0.001105,-0.000626,-0.001211,0.000581
Italian_Sicily_Trapani,0.106706,0.153029,-0.006199,-0.045556,0.015249,-0.015416,-0.000942,-0.001185,0.008400,0.024003,0.001470,0.003139,-0.004615,-0.003135,-0.003724,0.001974,0.001787,0.000051,0.001101,-0.002954,-0.001165,-0.000891,-0.000797,-0.001031,0.000609
Karelian,0.132718,0.082992,0.094619,0.082050,0.026931,0.023397,0.010768,0.016645,0.000588,-0.031133,0.005624,-0.010745,0.019837,0.007856,-0.006432,-0.000027,-0.001574,-0.001765,-0.001414,0.002521,0.002450,0.000909,0.003020,0.001902,0.001813
Latvian2,0.138702,0.122968,0.085779,0.078253,0.045397,0.029676,0.010931,0.014636,-0.000431,-0.029586,-0.003396,-0.013104,0.022836,0.038928,-0.015193,-0.001601,0.004094,-0.001429,0.005872,0.003882,0.003776,-0.012201,0.005664,-0.002690,0.006607
Lithuanian,0.138736,0.126190,0.083896,0.077881,0.047634,0.030473,0.010686,0.013790,-0.001021,-0.029986,-0.005059,-0.013615,0.023766,0.046433,-0.016437,-0.002409,0.003953,-0.000869,0.008403,0.004140,0.004453,-0.015475,0.006537,-0.001600,0.007628
Maltese,0.098198,0.151556,-0.011087,-0.052233,0.012548,-0.018225,-0.001746,-0.001427,0.010334,0.022118,0.002564,0.001194,-0.001148,-0.001889,-0.004629,0.000780,0.001188,0.000597,-0.000622,-0.001198,-0.001725,-0.000979,-0.000053,-0.001560,0.000470
Montenegrin,0.128966,0.143986,0.037623,0.010079,0.031970,0.005834,0.005184,0.005354,0.001688,0.007090,-0.002919,0.000659,-0.002024,0.010733,-0.008212,-0.001371,0.004755,0.000075,0.005265,-0.001322,-0.002121,-0.003404,0.002114,0.000125,0.000741
North_Macedonian-2,0.125074,0.144944,0.029736,0.000626,0.027476,0.002110,0.004345,0.004402,0.002343,0.008963,-0.001547,0.000438,-0.000809,0.007619,-0.009399,0.000199,0.004905,0.000644,0.004772,-0.003105,-0.002684,-0.002254,0.001790,-0.000582,0.000647
Norwegian-2,0.136954,0.134034,0.071968,0.053185,0.043420,0.019758,0.005242,0.007994,0.006264,-0.000259,-0.004722,0.001761,-0.005886,-0.003233,0.014883,0.004866,-0.006586,0.001207,0.002929,0.002918,0.005120,0.001521,-0.000535,0.008470,0.000255
Norwegian_North,0.135699,0.112563,0.081534,0.065119,0.035393,0.021289,0.006656,0.010611,0.004187,-0.011947,-0.000245,-0.002344,0.002894,-0.002845,0.009515,0.003632,-0.005941,0.000017,0.000344,0.002639,0.004202,0.003018,0.000058,0.006857,0.000135
Polish-2,0.137715,0.129920,0.076239,0.062562,0.044187,0.024135,0.009384,0.012118,0.001185,-0.017221,-0.004354,-0.007805,0.013089,0.026732,-0.009942,-0.000947,0.003278,-0.000707,0.005441,0.002079,0.000451,-0.007510,0.004279,-0.000495,0.002969
Polish_Kashubian,0.137250,0.132692,0.076380,0.063806,0.046846,0.025043,0.008234,0.010991,0.002188,-0.015352,-0.005686,-0.006812,0.010510,0.027161,-0.004567,0.000063,0.000747,0.000104,0.006285,0.003490,0.004750,-0.009184,0.003513,0.001552,0.004295
Polish_Mazovia,0.138326,0.130869,0.078030,0.065322,0.046457,0.025395,0.009214,0.012079,0.001736,-0.017868,-0.005161,-0.008303,0.013698,0.029784,-0.009523,-0.000469,0.003189,-0.000413,0.006341,0.002741,0.001804,-0.009257,0.004422,-0.000035,0.003851
Polish_North,0.138280,0.131500,0.076970,0.063987,0.045025,0.024769,0.008845,0.011759,0.002024,-0.015305,-0.004889,-0.006293,0.010117,0.021483,-0.003957,0.000543,0.000051,-0.000100,0.005325,0.001978,0.001376,-0.005561,0.003455,0.001987,0.002330
Polish_Podlasie_East_Mazovia,0.138520,0.129529,0.078855,0.068395,0.046402,0.026859,0.010011,0.012612,0.000606,-0.021037,-0.005303,-0.009616,0.016435,0.034996,-0.011944,-0.001114,0.003676,-0.000470,0.007272,0.002666,0.002020,-0.011049,0.004842,-0.000872,0.004760
Polish_SE_Carpathia,0.136267,0.130197,0.073269,0.056698,0.041859,0.021411,0.009334,0.012005,0.001726,-0.013907,-0.002943,-0.006395,0.011209,0.020929,-0.009239,-0.001492,0.002478,-0.000952,0.004048,0.000527,-0.000663,-0.005061,0.003706,-0.000912,0.001997
Polish_South,0.136597,0.132139,0.071495,0.055302,0.042794,0.021502,0.008068,0.010642,0.001620,-0.012469,-0.004217,-0.005814,0.009291,0.021892,-0.007769,-0.000475,0.002878,-0.000314,0.005250,0.001607,0.000510,-0.006543,0.004022,0.000666,0.002621
Polish_Sudovia,0.138920,0.125461,0.082993,0.073913,0.044786,0.027869,0.011764,0.014776,-0.000754,-0.027061,-0.003787,-0.011629,0.021562,0.035709,-0.014238,-0.002464,0.002717,-0.001588,0.005503,0.001377,-0.000420,-0.008781,0.004709,-0.002529,0.003366
Polish_Upper_Silesia,0.137037,0.132819,0.072464,0.056268,0.043810,0.021946,0.008238,0.010929,0.002133,-0.011915,-0.004443,-0.005610,0.008712,0.021514,-0.007026,-0.000122,0.002785,-0.000237,0.005379,0.001863,0.001009,-0.006660,0.003895,0.000770,0.002797
Polish_Wielkopolska,0.138185,0.132464,0.075157,0.060957,0.045589,0.023993,0.008827,0.011283,0.001632,-0.014611,-0.005296,-0.006519,0.010523,0.026428,-0.007428,-0.000654,0.002048,-0.000053,0.006912,0.002266,0.001015,-0.007750,0.004214,0.001862,0.002962
Portuguese-2,0.109181,0.150707,0.039009,-0.002927,0.042813,-0.002201,-0.001828,0.002728,0.023160,0.030162,-0.002995,0.006739,-0.013235,-0.012280,0.010729,0.002160,-0.002224,-0.000145,-0.002102,-0.000670,0.001616,-0.001486,-0.001182,0.000805,0.000076
Portuguese_Azores,0.105280,0.147684,0.039500,-0.000306,0.041882,-0.001178,-0.002529,0.002509,0.022188,0.026909,-0.002950,0.005719,-0.011234,-0.008565,0.008599,0.001236,-0.001811,-0.000240,-0.001038,-0.000871,0.001346,-0.002334,-0.000499,0.000727,0.000704
Romanian_Central,0.127284,0.129611,0.036898,0.022066,0.026665,0.009664,0.007204,0.008173,0.001905,0.001076,-0.001768,-0.001756,0.003754,0.009751,-0.009101,-0.001090,0.002585,-0.000540,0.003624,-0.003666,-0.003838,-0.000603,0.001523,-0.001560,0.000001
Romanian_Northeast,0.129206,0.136119,0.043706,0.020959,0.030554,0.009512,0.006998,0.007433,-0.001184,-0.001337,-0.002482,-0.001442,0.002529,0.012529,-0.008512,-0.002323,0.003668,-0.000830,0.003396,-0.001371,-0.002437,-0.002747,0.002185,-0.001378,0.000371
Romanian_Northwest,0.128568,0.140347,0.041220,0.014108,0.030783,0.006797,0.005846,0.006534,0.002289,0.004539,-0.002127,-0.000405,0.000159,0.008011,-0.008099,0.000177,0.004503,-0.000029,0.004421,-0.002261,-0.004551,-0.001920,0.002441,0.000754,0.000223
Romanian_Southeast,0.126748,0.138694,0.035035,0.011333,0.027977,0.005918,0.005169,0.005134,-0.000146,0.003716,-0.002265,-0.000199,0.000197,0.011462,-0.008455,-0.001367,0.004431,-0.000399,0.004125,-0.001715,-0.001807,-0.003768,0.001844,-0.001332,0.001266
Romanian_Southwest,0.129843,0.138303,0.039072,0.015022,0.031208,0.007253,0.006783,0.006145,-0.001673,0.002393,-0.003106,-0.000365,0.001093,0.014928,-0.010547,-0.001880,0.004867,0.000026,0.006164,-0.003101,-0.003988,-0.004058,0.002485,-0.000361,0.000808
Russian_Bryansk,0.137711,0.125682,0.079216,0.068158,0.042356,0.025484,0.011475,0.013705,-0.001013,-0.022833,-0.003598,-0.009159,0.016670,0.028167,-0.010477,-0.001685,0.002849,-0.001436,0.003638,0.001533,-0.000140,-0.006519,0.003234,-0.002217,0.001951
Russian_Don_Cossack,0.132258,0.116733,0.073641,0.062120,0.036664,0.022201,0.010095,0.011370,-0.002183,-0.021443,-0.002569,-0.008048,0.014509,0.020709,-0.010485,-0.001906,0.002781,-0.000947,0.002526,0.000415,-0.003632,-0.002830,0.004146,-0.000867,0.000359
Russian_Kostroma,0.134996,0.093881,0.086828,0.075467,0.025453,0.023387,0.011923,0.016571,-0.004386,-0.032166,0.004255,-0.010219,0.020426,0.007751,-0.010090,-0.001522,0.000393,-0.003177,-0.002898,-0.000688,-0.006011,0.004553,0.002997,-0.002091,-0.002068
Russian_Kursk,0.136850,0.122873,0.076986,0.067236,0.038528,0.024978,0.010692,0.013803,-0.002975,-0.024826,-0.002531,-0.009467,0.016705,0.025099,-0.011201,-0.001211,0.003465,-0.001672,0.003220,0.002077,-0.001069,-0.005949,0.004853,-0.001298,0.002548
Russian_Meshchera_Lowlands,0.135472,0.109458,0.078153,0.070173,0.033162,0.024768,0.009225,0.012442,-0.003158,-0.026460,-0.000978,-0.009761,0.017811,0.019805,-0.011834,-0.001206,0.002917,-0.002054,0.001690,0.000673,-0.003475,-0.002307,0.004526,-0.001792,0.000999
Russian_North,0.134688,0.093384,0.087610,0.075691,0.027885,0.023681,0.011780,0.016886,-0.001780,-0.029499,0.003637,-0.010190,0.019486,0.009701,-0.009851,-0.000390,0.000970,-0.002351,-0.001359,0.000050,-0.003247,0.001763,0.002996,-0.001900,-0.000342
Russian_Novgorod_Pskov,0.136988,0.121650,0.084402,0.074850,0.043615,0.027222,0.011784,0.014903,0.000023,-0.027341,-0.002215,-0.012156,0.021791,0.033553,-0.016015,-0.002171,0.004343,-0.001763,0.004408,0.002292,0.000659,-0.008975,0.005215,-0.003447,0.004731
Russian_Nizhny_Novgorod_Yaroslavl,0.138089,0.111444,0.086752,0.075137,0.035119,0.025553,0.011846,0.016219,-0.002080,-0.028682,0.000504,-0.010402,0.019521,0.016491,-0.010266,-0.000790,0.001475,-0.001964,0.000201,0.000264,-0.003170,-0.000016,0.003790,-0.000952,-0.000486
Russian_Oryol,0.137492,0.123585,0.076236,0.064617,0.037814,0.023959,0.010725,0.013471,-0.003389,-0.023539,-0.002357,-0.008695,0.015752,0.023464,-0.011384,-0.001983,0.003299,-0.001660,0.002893,0.001194,-0.002215,-0.004370,0.004377,-0.001416,0.001290
Russian_Perm,0.130929,0.073702,0.086724,0.073674,0.018336,0.020127,0.012616,0.017643,-0.002477,-0.030040,0.006096,-0.009667,0.019733,0.004273,-0.010102,-0.001595,-0.000051,-0.002643,-0.002211,-0.000862,-0.005445,0.003811,0.002532,-0.002401,-0.001863
Russian_Pinega,0.131090,0.069504,0.097336,0.082970,0.020124,0.021892,0.010721,0.017101,-0.001190,-0.035433,0.007881,-0.012565,0.024343,0.008353,-0.012389,-0.001590,0.000031,-0.002431,-0.002082,0.000958,-0.001527,0.001653,0.003787,-0.001409,0.000662
Russian_Smolensk,0.137789,0.125979,0.078665,0.067104,0.042542,0.025464,0.010288,0.013598,-0.000456,-0.022672,-0.003305,-0.009959,0.017325,0.029908,-0.013586,-0.001921,0.004076,-0.001161,0.004920,0.002102,0.000066,-0.008036,0.005311,-0.001604,0.003473
Russian_Tambov,0.135835,0.117764,0.075102,0.066353,0.034479,0.024099,0.011538,0.015277,-0.002074,-0.024436,-0.000767,-0.009481,0.017927,0.020456,-0.013225,-0.002684,0.003140,-0.002328,0.001107,-0.000003,-0.004306,-0.001969,0.004413,-0.002571,0.000033
Russian_Tver,0.136490,0.116506,0.080728,0.072964,0.038279,0.026738,0.010156,0.013231,-0.001778,-0.025479,-0.001807,-0.009346,0.016080,0.019769,-0.007454,0.000527,0.001616,-0.000464,0.002279,0.001634,-0.000365,-0.003234,0.003967,0.000779,0.001169
Russian_Voronezh,0.135993,0.122292,0.076434,0.064111,0.037519,0.023333,0.011075,0.013939,-0.001878,-0.023266,-0.001723,-0.009114,0.016916,0.022488,-0.012380,-0.002166,0.003204,-0.001541,0.002583,0.000624,-0.003773,-0.003089,0.004408,-0.001636,0.000495
Russian_Kirov,0.131864,0.084711,0.088449,0.076660,0.022832,0.021572,0.011423,0.016430,-0.003611,-0.032482,0.005168,-0.010909,0.021373,0.006883,-0.011222,-0.001508,0.000666,-0.003005,-0.003167,-0.000489,-0.004706,0.003893,0.003155,-0.003185,-0.001260
Saami,0.116775,-0.025148,0.108695,0.071934,-0.013883,0.004164,0.009132,0.016406,0.002323,-0.029566,0.018927,-0.008064,0.018066,-0.016590,-0.007306,-0.002509,-0.004016,-0.001056,-0.001941,0.001986,-0.001230,0.004589,0.000766,0.002838,-0.001127
Saami_Norway,0.122252,0.012835,0.102525,0.074497,-0.000373,0.009269,0.008094,0.014357,0.002047,-0.027516,0.014501,-0.007446,0.015889,-0.012946,-0.003962,-0.000990,-0.004254,-0.001140,-0.002303,0.001748,-0.000475,0.005439,0.000691,0.003438,-0.001211
Serb-2,0.130173,0.140621,0.044013,0.019452,0.033641,0.008808,0.006155,0.006620,0.000960,0.002098,-0.002979,-0.000799,0.001057,0.014225,-0.008636,-0.001789,0.004286,-0.000457,0.004966,-0.000782,-0.001926,-0.004463,0.002381,-0.000825,0.001383
Serb_Dalmatia,0.127968,0.136535,0.043063,0.019958,0.030453,0.008838,0.006331,0.006537,-0.001396,0.000350,-0.002298,-0.000507,0.000608,0.011141,-0.007798,-0.001633,0.004212,-0.000446,0.004005,-0.001181,-0.001966,-0.003419,0.002491,-0.000579,0.001052
Slovak-2,0.135586,0.134106,0.066355,0.048807,0.041389,0.019249,0.007895,0.010070,0.002149,-0.007968,-0.004252,-0.003784,0.005945,0.017750,-0.005598,-0.000308,0.002104,-0.000209,0.005049,0.000642,-0.000251,-0.004907,0.002940,0.001093,0.001537
Spanish_Andalusia,0.120320,0.154061,0.038625,-0.004006,0.042730,-0.001721,-0.001001,0.002954,0.020926,0.032630,-0.002855,0.007754,-0.014794,-0.011474,0.008029,0.000739,-0.002348,-0.000553,-0.001318,-0.001932,0.002139,-0.000893,-0.002051,-0.001856,0.000451
Spanish_Aragon,0.125583,0.154576,0.045368,0.003064,0.047367,0.000964,-0.000631,0.003102,0.021815,0.034191,-0.004178,0.008691,-0.017119,-0.011491,0.009044,0.001285,-0.002491,0.000181,0.000233,-0.002251,0.002815,-0.000562,-0.002439,-0.001353,0.000410
Spanish-2,0.115507,0.151868,0.039529,-0.002394,0.042944,-0.001299,-0.001402,0.002629,0.021629,0.029752,-0.002960,0.006319,-0.012487,-0.009226,0.008450,0.000979,-0.002130,-0.000221,-0.001596,-0.000406,0.002410,-0.002264,-0.000968,-0.000454,0.000621
Spanish_Baleares,0.126924,0.152358,0.044081,0.005192,0.044596,0.002273,0.000137,0.003027,0.017645,0.028017,-0.004053,0.006806,-0.014332,-0.008460,0.008384,0.002917,-0.001372,0.000775,0.001513,-0.001081,0.003154,-0.000797,-0.001916,0.001667,0.000162
Spanish_Canarians,0.090840,0.149108,0.033762,-0.008230,0.040278,-0.004583,-0.003904,0.003732,0.026053,0.026536,-0.002343,0.004726,-0.008615,-0.009909,0.009455,0.001041,-0.002271,-0.002081,-0.002757,-0.000295,0.001082,-0.003188,0.000616,0.000812,0.000743
Spanish_Cantabria,0.123685,0.152457,0.050617,0.006658,0.048762,0.001528,-0.000917,0.003495,0.023454,0.034855,-0.003570,0.009277,-0.017916,-0.015534,0.011665,0.001193,-0.003007,-0.000661,-0.002274,-0.002064,0.002376,-0.000071,-0.002640,-0.001590,-0.000123
Spanish_Catalan,0.124513,0.153696,0.044276,0.002018,0.045994,0.000505,-0.001042,0.002386,0.021284,0.033417,-0.003939,0.008738,-0.017448,-0.012994,0.010810,0.002306,-0.002711,0.000252,0.000036,-0.001386,0.003191,-0.000050,-0.002724,0.000055,0.000124
Spanish_Galicia,0.117037,0.148845,0.043235,0.003837,0.042782,0.000683,0.000217,0.004014,0.020516,0.027049,-0.002375,0.005645,-0.011346,-0.008482,0.005236,-0.000236,-0.001090,0.001050,-0.001377,-0.002611,0.000588,-0.001813,-0.000307,-0.001955,0.001021
Spanish_North,0.127721,0.154121,0.051726,0.008264,0.051866,0.002013,-0.001204,0.002766,0.025301,0.037438,-0.005114,0.009921,-0.020056,-0.015186,0.012894,0.001574,-0.004306,0.000448,-0.000753,-0.001953,0.004690,0.000277,-0.003818,-0.002809,0.000299
Spanish_Valencia,0.125459,0.152374,0.046024,0.003230,0.047347,0.000319,-0.000839,0.002853,0.021666,0.033903,-0.004249,0.008860,-0.017702,-0.013637,0.010292,0.001954,-0.001891,0.000102,-0.000317,-0.001574,0.002278,0.000700,-0.002723,-0.000105,-0.000899
Swedish_North,0.136694,0.130564,0.075579,0.058824,0.043705,0.021586,0.006854,0.009442,0.005151,-0.005916,-0.004285,-0.000976,-0.000684,0.004304,0.009773,0.003438,-0.005289,0.001125,0.003870,0.003286,0.005193,-0.000743,0.000841,0.007844,0.001301
Swiss_Italian,0.127909,0.152662,0.038535,-0.000440,0.040064,0.000575,0.000621,0.002386,0.014447,0.027039,-0.003188,0.007025,-0.014129,-0.008656,0.006484,0.003447,-0.000336,0.000836,0.002652,-0.001292,0.001842,0.000394,-0.002065,0.002169,-0.000009
Ukrainian_Central,0.136582,0.127790,0.073088,0.059559,0.040373,0.022628,0.009661,0.012368,-0.000529,-0.018383,-0.003195,-0.007813,0.013755,0.024570,-0.010887,-0.001370,0.003515,-0.001236,0.004174,0.001319,-0.000943,-0.006182,0.004099,-0.001248,0.002375
Ukrainian_East,0.137499,0.127647,0.075594,0.061851,0.041084,0.023297,0.010317,0.013259,-0.000395,-0.019205,-0.002781,-0.008105,0.014258,0.024598,-0.011611,-0.002156,0.003914,-0.001608,0.003086,0.001431,-0.000129,-0.005721,0.003516,-0.002958,0.002217
Ukrainian_West,0.136263,0.132014,0.066322,0.053909,0.039861,0.021775,0.008783,0.010310,-0.001435,-0.012772,-0.004574,-0.004871,0.007183,0.022717,-0.007481,-0.002087,0.002874,-0.000217,0.004967,0.001884,0.002359,-0.006575,0.003192,-0.001167,0.002681
Vepsian,0.133565,0.080942,0.094947,0.081977,0.025259,0.023578,0.011107,0.017402,-0.000323,-0.032729,0.006351,-0.011473,0.021664,0.008274,-0.009121,-0.000598,-0.000622,-0.002095,-0.001727,0.001581,0.000154,0.001491,0.003394,0.000474,0.000850

Portuguese_central,0.11006656364400001,0.145675981198,0.030867866158000003,-0.008496567058999899,0.0407353889708,-0.003899077672980002,-0.0029606638719999953,0.0011045584890000404,0.027249414601999977,0.03662599572100016,-0.001922770071,0.008778468889000007,-0.016293307565000012,-0.01636360703599976,0.010148750233999838,-0.00025806892899978007,-0.003093068145999911,-0.0005479980629999742,-0.0012338789270000504,-0.0018201314933000015,0.0019189933010000382,0.0010647800100000784,-0.0008453899780000197,0.0012622977319999423,-0.0004942320969996972
Moldova,0.12520543,0.124649,0.044780371,0.027833371,0.029244943,0.010996314,0.0079902857,0.0078458286,-0.0012387429,-0.0044048571,-0.0026075714,-0.0032457429,0.0060527143,0.014761,-0.011303571,-0.0030836571,0.0045634286,-0.00051034286,0.0031748571,-0.00077891429,-0.0044064857,-0.00081608571,0.0044016286,-0.00040622857,0.00023268571
Luxembourg,0.1282263,0.1391707,0.0551434,0.0325319,0.0407799,0.0125205,0.0036975,0.0053858,0.0077256,0.0088226,-0.0046105,0.0042516,-0.0097962,-0.0064699,0.011818,0.0028933,-0.0050405,0.001673,0.0026581,0.0006352,0.0033564,0.0023578,-0.0003938,0.0074818,-0.0006807
Kosovo,0.1201878,0.1413426,0.0199988,-0.0102460,0.0255764,-0.0040092,0.0037404,0.0023103,0.0004593,0.0123065,0.0006041,0.0011118,-0.0040262,0.0078946,-0.0178812,-0.0029603,0.0079207,0.0011129,0.0069479,-0.0050856,-0.0069356,0.0003982,0.0029839,0.0013820,-0.0019498
Liechtenstein,0.1313618,0.1386231,0.0475783,0.0229842,0.0362942,0.0094242,0.0042160,0.0053108,0.0060976,0.0084022,-0.0024161,0.0026125,-0.0073492,-0.0023317,0.0034055,0.0020044,0.0005932,0.0002037,0.0035712,-0.0001278,0.0012704,0.0002976,0.0005473,0.0045897,-0.0009471
Northern_Ireland,0.1325402,0.1347761,0.0615814,0.0476188,0.0385341,0.0184183,0.0034947,0.0050318,0.0039149,0.0034104,-0.0062915,0.0056726,-0.0134088,-0.0129839,0.0244199,0.0044144,-0.0112183,0.0022957,0.0015544,0.0018937,0.0049308,0.0021397,-0.0002903,0.0141455,0.0002581
English_London,0.1312599,0.1379613,0.0615485,0.0439759,0.0403564,0.0167577,0.0040412,0.0059876,0.0056831,0.0057793,-0.0048136,0.0059735,-0.0131185,-0.0106394,0.0210555,0.0036774,-0.0111488,0.0029525,0.0034445,0.0028436,0.0052637,0.0035244,-0.0016304,0.0137849,0.0003643

Bangladesh,0.043578,-0.1108377,-0.1506329,0.1024836,-0.0583844,0.0624367,-0.003694,0.0096689,0.0426677,0.0289236,-0.0064956,-0.0013059,-0.0006159,0.0029099,-0.0047114,-0.0083151,0.0040046,0.001647,-0.0015803,0.003716,-0.0009091,0.002155,0.0026761,0.0046133,8.56e-05
Cambodia,0.0266937,-0.3994497,-0.0619733,-0.0343457,0.125919,0.0618207,0.000235,-0.0055383,-0.0056583,-0.0116023,0.0394063,0.0018487,-0.001784,-0.0027527,-0.001538,-0.003978,-0.0023033,-0.0025763,-0.0047347,0.0055863,-0.003785,0.0112113,-0.0006983,8.03e-05,0.021515
Afghanistan,0.0843879,0.0264922,-0.0703412,0.0429183,-0.0584705,0.0294184,0.0046261,0.001451,-0.0246753,-0.0175813,-0.0058007,0.0000237,0.0021377,-0.0076351,0.011969,0.0136149,-0.0017218,0.0011433,0.0014018,-0.0099301,-0.0022783,-0.0065535,-0.0015904,-0.001388,0.0056285
Iran,0.0840697,0.1017306,-0.0703868,-0.0267092,-0.0474977,0.000392,0.0034309,-0.0042687,-0.0266901,-0.0147691,0.0017226,-0.0016615,0.0051182,-0.0019753,0.005385,0.0125982,-0.005207,0.0033139,0.0036811,-0.0112555,-0.0005453,-0.0048522,-0.0002799,-0.0050368,0.004505
Central_Filipino,0.013659,-0.405196,-0.061848,-0.033592,0.126177,0.036814,-0.006345,-0.011307,-0.011658,-0.018406,0.048554,0.005095,-0.002527,0.001651,0.008279,0.001591,-0.008214,0.004941,0.005908,-0.010505,-0.003868,-0.027575,-0.005793,-0.001687,-0.049936
Myanmar,0.0199897,-0.3787926,-0.0455057,-0.021026,0.050163,0.0375573,-0.0005983,0.0007693,0.004772,0.0094763,-0.0224093,-0.0019483,0.006095,-0.0014223,-0.0078717,-0.0021657,0.0076493,-0.0036317,-0.0061173,0.0083793,-0.0010813,0.022711,0.0045193,0.004097,0.0317337
Turkish_Kayseri,0.099514,0.093864,-0.034129,-0.043513,-0.024818,-0.012809,0.004482,-0.000676,-0.022746,0.001341,-0.001113,0.00122,-0.00378,0.00174,-0.004518,-0.000322,8.4e-05,0.000778,0.001401,-0.002957,-0.000811,0.001599,-0.002007,-0.002264,-0.000402
Turkish_Konya,0.099481,0.082156,-0.026587,-0.041344,-0.021512,-0.014028,0.001833,-0.001846,-0.017282,0.000711,0.001819,0.002098,-0.002869,0.001541,-0.004967,1.3e-05,0.002725,0.000925,0.003331,-0.001988,-0.004267,0.001867,-0.002724,-9.6e-05,-0.000707
Turkish_Sivas,0.10153,0.085914,-0.037637,-0.039083,-0.026159,-0.01255,0.003995,-0.001569,-0.025811,-0.002624,0.000162,0.001798,-0.002289,-0.001184,-0.00323,-0.001405,0.001017,0.001014,0.001684,-0.001876,-0.001947,0.000346,-0.00069,0.001036,0.005365
Turkish_Antalya,0.095611,0.048644,-0.012181,-0.031331,-0.020588,-0.009817,0.00698,0.000715,-0.012067,0.002387,-0.000276,0.001843,-0.000178,0.000716,-0.005442,0.001671,-6e-04,-0.000532,0.002489,-0.001726,-0.003781,0.000272,-0.002428,-0.000277,0.001772
Turkish_Aydin,0.094799,0.061077,-0.012391,-0.036084,-0.019828,-0.014343,0.003458,-0.000923,-0.017005,-0.001692,-0.001531,-0.000235,-0.004502,0.004994,-0.005913,0.001477,0.002943,0.000452,0.001257,-0.001429,-0.00344,-0.002773,-0.003733,-0.000895,-0.001557
Turkish_Balikesir,0.098213,0.056579,-0.008997,-0.027363,-0.018025,-0.012391,0.007554,0.003527,-0.016391,0.003202,-0.001299,0.003447,-0.003271,0.002536,-7.7e-05,-0.00125,-0.001583,0.001104,0.003879,-0.001679,-0.004742,-0.000124,-0.000264,-0.000293,-0.000291
Turkish_Denizli,0.094636,0.060932,-0.016001,-0.031424,-0.021631,-0.012032,0.004096,-0.000593,-0.017151,0.002343,-0.001508,0.001413,-0.002039,0.000197,-0.007019,0.001553,0.007078,0,0.001885,-0.002322,-0.00697,0.000106,-0.001637,-0.000689,-0.003387
Algeria,-0.0906174,0.1300182,-0.0062488,-0.064969,0.0205445,-0.0283004,-0.0235757,0.0088035,0.0504218,0.024739,0.0055325,-0.0060051,0.020902,-0.013217,0.0128639,-0.0100367,-0.0027094,-0.0158687,-0.0307854,0.0069427,-0.0094115,-0.0274253,0.017588,-0.0002756,0.0014282
Morocco,-0.0553879,0.1325918,-0.0081428,-0.0642052,0.0210006,-0.0276968,-0.0237523,0.0070798,0.0466151,0.0273412,0.0073484,-0.006311,0.0186401,-0.0129258,0.0136413,-0.0071998,-0.0005192,-0.0145854,-0.0331868,0.0054527,-0.009629,-0.0277824,0.0189778,-0.0029404,0.0042223
Iraqi,0.045985755,0.11964389,-0.060991499,-0.064513674,-0.026913487,-0.020505496,-0.0045495608,-0.0042909203,0.0061636896,-0.0049901957,0.005995497,-0.010517103,0.020545893,-0.00057532195,0.0014583595,0.012309856,-0.0072296855,0.0019558565,0.00081081204,0.0015734669,0.0035272333,0.0020326942,-0.002941998,-0.00036016745,-0.00030506093
Libyan,-0.047686,0.130949,-0.021933,-0.080955,0.008973,-0.034568,-0.020953,0.003024,0.052067,0.009822,0.006136,-0.012392,0.029224,-0.004998,0.008522,-0.000509,-0.003788,-0.009575,-0.020118,0.011269,-0.002811,-0.013263,0.009399,0.000799,-0.000296
Pakistan,0.0715562,0.009899,-0.1004651,0.0570279,-0.0688983,0.0389625,0.0029426,0.0036306,-0.0101027,-0.0102157,-0.0056996,-0.0010543,0.001175,-0.0070383,0.0097897,0.0142314,-0.0044564,0.0015515,0.0026481,-0.0129169,-0.0010538,-0.0068352,0.0009226,-0.0055344,0.0050303
Tajikistan,0.0948268,0.029308,-0.0321375,0.0344139,-0.0464236,0.0217433,0.0044519,-0.0014211,-0.0293159,-0.0255489,-0.0069365,-0.0003791,-0.0007172,-0.0110236,0.0133918,0.0131035,-0.0037128,0.0002764,0.0016783,-0.0085852,-0.0072686,-0.0024096,0.0013632,0.0016384,0.0027528
Egypt,0.0312445,0.1383998,-0.0450535,-0.0800286,-0.0068166,-0.0267874,-0.0076574,-0.0008694,0.0183425,0.0036506,0.0064928,-0.0083598,0.01693,0.0033902,-0.0034496,-0.0006607,-0.00628,-0.0031144,-0.0023086,0.0014338,-0.0031278,-0.0012982,-0.0007517,0.0015766,-0.0002336
Japan,0.0249543,-0.445479,0.0130733,-0.059109,0.0362118,0.0093428,0.003525,0.0005768,-0.0065105,0.0106607,-0.0740492,-0.0074685,0.011546,-0.0070647,-0.0110612,-0.004464,0.0003042,0.0035895,0.001676,-0.0092547,0.0270355,-0.01659,0.0049093,0.003374,-0.0419723
Kazakhistan,0.0604829,-0.25128,0.046942,-0.010332,-0.036322,-0.0151473,0.0113157,0.0124004,-0.0048216,-0.0016309,-0.0264125,-0.0020869,0.0004108,-0.0020816,0.0034609,0.000625,-0.0008164,0.000304,0.0018823,0.0071394,-0.0130334,-0.0039167,-0.0082853,-0.001211,0.0007934
Korea,0.0327267,-0.4546526,0.0184538,-0.0641155,0.0393303,0.0116484,0.0054755,0.0033615,-0.0087399,0.0063599,-0.0745742,-0.008947,0.0103418,-0.0051105,-0.0085052,-0.002559,0.0012865,0.0022087,-0.0005237,-0.0077496,0.0169077,-0.0043938,0.0076947,0.0005381,-0.0173996
Kirghizstan,0.0595674,-0.2600666,0.0457718,-0.011646,-0.038625,-0.0142211,0.0110916,0.0124246,-0.004745,0.0014206,-0.0287392,-0.0023402,0.0018944,-0.0040899,0.0038472,0.0006481,-0.0033046,0.0016914,0.00372,0.007563,-0.0131356,-0.0060019,-0.010416,-0.0010319,0.0015229
Laos,0.0176994,-0.4434817,-0.0331114,-0.0630658,0.1146368,0.0508418,0.0011868,-0.0071536,-0.017139,-0.0079364,-0.0109368,-0.0040688,0.0022968,-0.003764,-0.0013572,0.0023536,0.0017146,0.0004054,-0.0047954,-0.01068,0.009658,0.0078333,0.0173286,0.0008556,0.0087596
Malaysia,0.0125454,-0.385901,-0.0741056,-0.0279072,0.122238,0.0542164,-0.002961,-0.0072458,-0.011126,-0.0156724,0.0582328,0.0066242,-0.0072548,0.0023122,0.0072202,0.001273,-0.0052416,-0.0001522,0.00269,0.0022262,-0.009658,-0.0049956,-0.0091698,-0.0026508,0.0007422
Mongolia,0.0516758,-0.3278128,0.0638842,-0.0265506,-0.045916,-0.0297298,0.014242,0.0177686,-0.0009406,0.008966,-0.0321206,-0.0031172,-0.000327,-0.0007432,0.0032574,0.0006894,-0.0033898,0.0001014,0.0042236,0.0090292,-0.021537,-0.0095706,-0.0186106,0.0002652,0.0007422
New_Zealand_Indigenous,0.046667,-0.11577,-0.010559,0.031654,0.090478,-0.01506,-0.001645,-0.001846,-0.016157,-0.013668,0.009419,0.003597,-0.002825,-0.007569,0.016422,0.005171,-0.006128,0.006461,0.004148,-0.003877,0.007362,-0.005688,-0.004067,-0.00253,-0.022513
Thailand,0.0220256,-0.3826316,-0.0627192,-0.0302472,0.1043436,0.0571788,-0.0020837,-0.0059228,-0.0051312,-0.007828,0.026527,0.0019551,-0.0041427,-0.000679,-0.0001143,-0.0013437,-0.0011414,-0.0022776,-0.004042,0.0004197,-0.0001553,0.0088068,0.0018212,0.001296,0.0159533
Taiwan_Indigenous,0.019236,-0.450083,-0.047291,-0.067669,0.142027,0.063727,-0.00557,-0.014884,-0.022559,-0.022579,0.047547,0.004676,-0.005545,-0.001968,0.007234,0.00411,-0.003312,0.004979,0.008547,-0.019409,0.010906,-0.028193,0.002539,-0.006109,-0.054175
Turkmenistan,0.0852689,-0.0473852,0.0030785,-0.0010926,-0.037228,-0.0011517,0.0072231,0.0039393,-0.017354,-0.0119213,-0.0063481,-0.0022659,0.0006671,-0.0058493,0.0005765,0.0055162,0.0004385,0.0007512,-0.0030982,-0.0009761,-0.0061496,-0.0037484,-0.006407,0.002304,0.0009683
Vietnam,0.018795,-0.442885,-0.0326918,-0.0613216,0.1088164,0.0502597,0.001507,-0.0074362,-0.016349,-0.0078544,-0.0141582,-0.0044454,0.0041253,-0.0049286,-0.0022783,-0.0001724,0.000608,0.0000506,-0.005548,-0.0098766,0.0101727,0.0081239,0.0158758,0.0001536,0.00667
Uzbekistan,0.0779878,-0.081293,-0.0063292,0.0025194,-0.03793,0.0022452,0.008425,0.006442,-0.0143815,-0.0097193,-0.0116704,-0.0029574,0.0020688,-0.0065278,0.0046982,0.0053014,-0.0032966,0.0006842,0.0008717,-0.0017091,-0.0075368,-0.0026894,-0.0038412,0.0003072,0.0031375
Syrian,0.053744959,0.13034425,-0.045391588,-0.068620578,-0.016439729,-0.022792678,-0.0020645981,-0.0024663453,0.0057278249,0.00021685099,0.0057730451,-0.0067415424,0.013229253,0.0012963728,-0.0016855574,0.0041163171,-0.0025537951,-0.000052921964,0.0014444653,0.00055296229,-0.0015339471,0.00091452353,0.000048019549,0.00038075547,0.00289946
Indonesia,0.010622,-0.3986474,-0.0812926,-0.0322972,0.1412676,0.0622616,-0.0047389,-0.0120334,-0.010409,-0.0188626,0.0828474,0.0076368,-0.0088529,0.005052,0.0059754,0.0022143,-0.001228,-0.0009977,0.0012898,0.0094298,-0.0133561,0.0012463,-0.0118502,0.000968,0.0161694
Azerbaijan,0.0955797,0.0940626,-0.0459392,-0.0341289,-0.0361173,-0.0031066,0.0048856,-0.0045484,-0.0312193,-0.0120426,-0.0021629,0.001145,-0.00088,0.0000364,0.00302,-0.0008376,-0.0064494,0.0023211,0.001764,-0.0048573,0.000129,-0.0003647,-0.0009213,-0.0016814,0.0013173
Georgia,0.1077115,0.1308397,-0.0548735,-0.0461845,-0.0379044,-0.0076778,0.008968,-0.006295,-0.0541246,-0.017902,0.0001209,0.0090376,-0.0195615,0.0025371,0.0013682,-0.0148539,0.0077105,-0.0040414,-0.0060691,0.0108329,0.009196,0.0024153,0.0011083,-0.0055189,-0.0009102
Jordanian,0.046639042,0.13732493,-0.04962893,-0.085439173,-0.01186087,-0.031877102,-0.0098842483,-0.0048922517,0.02346395,0.0029612683,0.010174828,-0.013185778,0.029234138,0.0013003917,0.001168395,0.010676628,-0.012883005,0.0012120167,-0.001452765,0.011450375,0.0012426317,0.0059785533,-0.00002363,0.0020454,0.00095397333
Palestinian,0.04968991,0.13844058,-0.048763989,-0.083659711,-0.012202987,-0.030938341,-0.006120973,-0.002735119,0.017291721,0.00057924366,0.0083964076,-0.010219768,0.022799708,0.0003526298,-0.00048485076,0.0098944507,-0.0033045126,-0.00038317879,-0.00060371113,0.0053390134,0.0020873276,0.0032524128,-0.00020782524,0.0015272346,0.00030154722
Lebanon,0.0826696,0.1403404,-0.0478579,-0.0720703,-0.0150112,-0.0260784,-0.0012357,-0.0051341,0.0011488,0.0071565,0.0054656,-0.0037951,0.0104958,0.0016086,-0.0086104,0.0061685,-0.0021818,0.0010128,0.0022135,-0.0001111,-0.00075,0.0001642,-0.001415,0.0022128,-0.0008241
Saudi_Arabia,0.0463187,0.1363021,-0.0608713,-0.1041669,-0.0122891,-0.0419048,-0.0110368,-0.0067458,0.0473154,-0.0070398,0.0131968,-0.0267225,0.0546426,0.0055025,0.0029928,0.0208714,-0.0229894,0.0054721,-0.000236,0.0219083,0.0099155,0.0140537,-0.0059378,0.0059769,-0.0079059
Yemen,0.0456864,0.1401834,-0.0626503,-0.1124703,-0.01001,-0.048016,-0.0117995,-0.0079075,0.0531423,-0.0052276,0.0131709,-0.0279854,0.0535958,0.0048391,0.0042466,0.0200975,-0.0194695,0.0044048,0.0019409,0.0201284,0.010793,0.0138626,-0.0080497,0.0043098,-0.0053947
United_Arab_Emirates,0.05272,0.1183849,-0.0706391,-0.0739293,-0.0268506,-0.0256936,-0.0070148,-0.0046234,0.0230692,-0.0050354,0.0103448,-0.0214978,0.0428138,0.0040372,0.0034457,0.0261428,-0.0238111,0.0061002,0.0006994,0.0178422,0.0109307,0.0101395,-0.005188,0.0025419,-0.0060704
Israel,0.0977774,0.1369093,-0.0110437,-0.0445826,0.0085064,-0.0159944,-0.001921,-0.0009685,0.0077698,0.015806,0.002698,-0.000195,0.0022598,-0.0005537,-0.0046609,0.0009246,-0.0011649,0.0003172,-0.0010716,-0.0033194,-0.0030383,-0.0033478,0.0017022,0.002628,0.0002671
Sri_Lanka,0.0361523,-0.0829592,-0.1713834,0.111013,-0.080264,0.0609838,-0.0015946,0.012296,0.04276,0.0277262,-0.0033636,0.0021198,-0.0032209,0.0043284,-0.0048893,-0.0090226,0.0017042,-0.0002894,0.004274,0.0028226,0.0055705,0.0009335,0.0023564,-0.00008,-0.0031478
Libya,-0.0332453,0.132759,-0.022802,-0.0793862,0.0084132,-0.0333006,-0.0190624,0.0020636,0.0480492,0.0111132,0.0060434,-0.0109738,0.0265592,-0.0045623,0.0073921,-0.0001507,-0.0038393,-0.0085524,-0.0183766,0.0095317,-0.0026591,-0.0125978,0.0092166,0.000392,0.000037
South_Sudan,-0.6779179,0.0545678,0.0030419,-0.0049742,-0.0026261,-0.0019337,-0.0101839,0.0137534,0.0733831,-0.0899031,-0.0188479,0.0219105,-0.0369769,-0.0003396,0.0076185,-0.0156191,0.0180017,-0.0113682,0.0194245,-0.0184254,-0.0006737,0.0046822,-0.0033358,-0.0034782,0.0036403
Tunisia,-0.0266863,0.136,-0.02054,-0.0801463,0.0153152,-0.0332633,-0.0218642,0.0039708,0.0526349,0.0208679,0.0069823,-0.0100612,0.0268183,-0.0090898,0.0107928,-0.0025856,-0.004477,-0.0114295,-0.026027,0.0097905,-0.0070838,-0.0197916,0.0140356,-0.000575,0.0012078
Somalia,-0.306241,0.0929211,-0.0266436,-0.0692996,0.0008772,-0.0329788,-0.0181782,0.0051459,0.1142266,-0.0794368,-0.0081762,-0.006152,0.0040882,-0.000984,0.0247554,-0.0183968,0.0156134,-0.0009628,0.0105712,-0.0031764,0.0002871,0.0054283,-0.0032662,-0.0013556,-0.0009759
Kenya,-0.5049139,0.0728521,0.0018192,-0.016656,0.0009334,-0.0061634,-0.014235,0.0166499,0.0401851,-0.0417337,-0.0049389,0.0078987,-0.0206511,0.0013998,-0.0136354,0.0114898,-0.0056407,-0.0022543,-0.0046861,0.0027353,0.0015128,0.0003246,-0.0011333,0.0009559,0.0012403
Ethiopia,-0.3523288,0.0819346,-0.0222999,-0.0538397,0.0000126,-0.0265639,-0.0006791,-0.0065643,0.1016431,-0.0798527,-0.0091709,-0.0025574,-0.004053,-0.0004858,0.0207832,-0.0166534,0.0170021,0.005199,0.008343,-0.0057171,0.0015752,0.0053342,-0.0040411,0.0011458,-0.0010239
Nigeria,-0.600619,0.0676179,0.0200702,0.0115211,0.0022028,0.0084838,-0.0355418,0.041122,-0.0377891,0.0323484,0.0049189,-0.0019008,0.0197946,0.0008972,0.0086907,-0.0078678,0.0074813,0.0008874,-0.000029,0.0009118,-0.001153,-0.0021546,0.0001978,0.0007151,-0.0012392
Cameroon,-0.6270342,0.0620613,0.0227525,0.0172013,0.0019002,0.012726,-0.0258642,0.0320108,-0.0376246,0.0195824,0.002329,-0.0008559,0.0043663,0.0003191,-0.0004901,0.0006973,-0.0018445,-0.0025572,0.0008258,0.0004373,-0.0007603,0.0025768,0.0000199,-0.0001997,-0.0008141
Gambia,-0.6165875,0.0671942,0.0197362,0.0114665,0.0021028,0.0055777,-0.0358392,0.0387677,-0.0317353,0.0241463,0.0054132,-0.0036467,0.0162287,-0.0009865,0.011016,-0.0153362,0.009692,-0.0011823,-0.002116,-0.0032307,-0.001643,-0.0018137,0.0043958,-0.0001005,0.001377
Angola,-0.6275638,0.0630304,0.020927,0.01594,0.000559,0.0125454,-0.0162844,0.0234278,-0.0327392,0.0185562,0.002417,-0.0008493,-0.0034328,0.0003602,-0.0084305,0.0060427,-0.0074384,0.0032854,-0.0044172,0.0016361,0.0009421,0.0003484,0.0016495,-0.000516,-0.0007184
Mali,-0.6074998,0.0678667,0.0182695,0.0106949,-0.0002223,0.0090486,-0.0379544,0.0385626,-0.0308035,0.0258573,0.0050792,-0.001224,0.0194993,-0.0009938,0.0165353,-0.0121246,0.0109161,-0.0002674,-0.0019414,-0.0022025,-0.0017954,-0.0056467,0.0005958,-0.0010042,0.0014968
Madagascar,-0.3911846,-0.0922088,-0.0142964,-0.0059328,0.0445766,0.0269996,-0.0107361,0.0103373,-0.0197999,-0.0010522,0.0253009,0.0040405,-0.0103432,0.0009253,-0.0085644,0.0104976,-0.0093872,0.0069894,-0.0043069,0.0041124,-0.0018615,-0.0053439,-0.0024218,-0.0010736,-0.0046523
Eritrea,-0.228824,0.103643,-0.0313722,-0.0826352,0.0024812,-0.0384365,-0.012908,-0.000966,0.1015338,-0.0647904,-0.003062,-0.0094598,0.0158836,0.0011424,0.0217108,-0.0066798,0.009027,0.0007959,0.0078849,0.0012008,0.004249,0.0070718,-0.0023168,-0.0001101,-0.0027984
Sudan,-0.3197262,0.0969297,-0.025405,-0.0506118,-0.0055197,-0.0196677,-0.0099562,0.0046825,0.0545628,-0.0453458,-0.004508,0.001869,-0.000857,0.0018875,0.0040085,-0.0029504,0.0025635,-0.0053615,0.0096203,-0.0038222,0.0015794,0.0054822,-0.0038682,-0.0002675,0.0004131
Mexico,0.048489,-0.0403485,0.065503,0.0337525,-0.022282,-0.0072245,-0.117379,-0.1347115,0.006163,0.0142075,-0.001919,0.0023585,-0.0048585,0.002847,0.0007315,0.0002955,0.002032,-0.0018835,-0.0025585,-0.00137,-0.0017455,-0.000787,0.000236,-0.0019135,-0.0000055
Bolivia,0.0698796,-0.1724089,0.0952706,0.0658782,-0.0656866,-0.0136602,-0.2090807,-0.2493046,-0.0019754,-0.000043,-0.0043486,0.0020856,-0.0040593,0.0130728,-0.0036377,0.0021158,0.0014084,-0.0006673,-0.0024668,-0.0007476,0.0012486,0.004496,-0.0029978,-0.0012224,0.0003518
Colombia,0.047572,-0.0961347,0.0837227,0.050205,-0.041231,-0.010087,-0.170378,-0.1949977,0.003261,0.0094217,-0.0035067,0.00147,-0.0048663,0.0071223,0.0007883,0.00215,0.003114,-0.0018523,-0.0034567,-0.0025533,-0.0038867,0.0020823,-0.0004317,-0.002978,-0.0015307
Dominican_Republic,-0.204935,0.090332,0.037315,0.006921,0.015460,0.002060,-0.034748,-0.009108,-0.003078,0.026370,0.000735,-0.001016,0.000390,-0.003033,0.005444,-0.001939,0.000536,-0.003966,-0.004042,-0.001103,-0.000837,-0.003305,0.001330,-0.001703,0.000353
Ecuador,0.042811,-0.096444,0.075609,0.046734,-0.037669,-0.007555,-0.160917,-0.183325,0.003303,0.008068,-0.003604,0.001034,-0.004120,0.007530,-0.000059,0.001402,0.003387,-0.001889,-0.003262,-0.001922,-0.003267,0.002693,-0.000242,-0.002465,-0.001535
Peru,0.060775,-0.219018,0.104777,0.078291,-0.083075,-0.013767,-0.249074,-0.295946,-0.007021,-0.005360,-0.004003,-0.000705,-0.001792,0.016850,-0.004076,0.003602,0.005665,-0.001208,-0.002118,-0.001439,-0.005091,0.007209,-0.001510,-0.002231,-0.003133
South_Africa,-0.670341,0.070233,0.018743,0.016388,0.000614,0.011811,0.030538,-0.010023,-0.024455,0.017947,0.003368,-0.020207,-0.000231,0.001396,0.009370,-0.010257,0.011308,0.059376,-0.022166,-0.000802,-0.009068,-0.002810,0.002982,-0.001046,0.000546
Congo,-0.6287308,0.0644862,0.0203178,0.0182495,-0.000192,0.0143631,-0.0141595,0.0184319,-0.032749,0.0195219,0.0074905,-0.004833,-0.0021559,0.0012044,-0.0058359,0.0067122,-0.0069916,0.0000315,0.0006756,0.0043305,-0.0007179,-0.0012364,-0.0005548,-0.0010841,-0.0052092
Papua_New_Guinea,-0.0459844,-0.2410866,-0.2637584,0.3092414,0.2069308,-0.509589,-0.001974,0.0070152,-0.041273,-0.0119546,-0.018902,0.000869,0.0013974,-0.00311,0.0001628,-0.0003186,-0.0021906,-0.0018498,-0.001081,-0.0015256,0.0023458,0.0018052,0.0012324,0.0018314,0.0016048
Oman,0.020488,0.120848,-0.061848,-0.075582,-0.025543,-0.0204985,-0.00705,-0.006692,0.0202475,-0.007745,0.008444,-0.0203815,0.0390235,0.0016515,0.000136,0.0174355,-0.0188405,0.004054,-0.0013195,0.0108175,0.011792,0.007419,-0.007395,-0.000181,0.0016165
Sierra_Leone,-0.627165,0.060932,0.023381,0.020026,-0.003077,0.011992,-0.020446,0.023537,-0.041518,0.033531,0.005521,-0.007793,0.017988,-0.013487,0.008686,-0.009281,0.01343,0.009628,0.000251,-0.003877,0.001123,0.000989,-0.001849,0.003735,-0.001557

Brasileiro_medio, 0.011456, 0.050664, 0.054401, 0.022315, 0.014263, 0.000263, -0.067240, -0.061157, 0.011226, 0.015063, -0.001634, 0.003964, -0.002181, -0.001897, 0.004236, 0.001059, 0.000315, 0.000094, -0.000352, -0.000498, 0.001059, 0.000313, -0.001180, 0.000404, -0.000063
Chile_medio, 0.103369, 0.005217, 0.094928, 0.058425, 0.018982, 0.009847, -0.088798, -0.103026, 0.014270, 0.017958, 0.001054, 0.004146, -0.003847, 0.004158, 0.005786, 0.003313, 0.004994, 0.003121, 0.003408, 0.003103, 0.003426, 0.004174, 0.001152, -0.000122, 0.002174
Argentino_medio, 0.117576, 0.039606, 0.097605, 0.053237, 0.028429, 0.010599, -0.060794, -0.073438, 0.025614, 0.033149, 0.002790, 0.007020, -0.002927, 0.005106, 0.006479, 0.003376, 0.005455, 0.004099, 0.004773, 0.003167, 0.004842, 0.004996, 0.001371, 0.002567, 0.004144
Uruguai_medio, 0.118000, 0.113000, 0.077000, 0.030000, 0.052000, 0.019000, -0.009000, -0.011000, 0.038000, 0.048000, 0.001000, 0.007000, -0.007000, -0.001000, 0.010000, 0.005000, 0.004000, 0.004000, 0.004000, 0.004000, 0.005000, 0.004000, 0.001000, 0.002000, 0.003000  
USA_medio, 0.127842, 0.132116, 0.054203, 0.043982, 0.041126, 0.016203, 0.004112, 0.006218, 0.008394, 0.011726, -0.003214, 0.005217, -0.008213, -0.004126, 0.015284, 0.003214, -0.005112, 0.002184, 0.002984, 0.001726, 0.004812, 0.003214, -0.001184, 0.006218, 0.000842
Canada_medio, 0.126384, 0.145728, 0.038216, 0.021384, 0.043728, 0.007842, 0.002184, 0.004126, 0.018394, 0.027842, -0.003842, 0.006218, -0.015384, -0.007842, 0.010842, 0.002984, -0.004126, 0.002842, 0.001842, 0.001384, 0.005384, 0.002126, -0.002842, 0.004728, 0.001126
Trinidad_medio, -0.110000, 0.012000, 0.012000, 0.120000, 0.008000, 0.052000, 0.030000, 0.040000, 0.039000, 0.036000, 0.000000, 0.006000, 0.003000, 0.004000, 0.007000, 0.006000, 0.003000, 0.005000, 0.005000, 0.005000, 0.006000, 0.006000, 0.004000, 0.006000, 0.004000  
Suriname_medio, -0.062000, -0.060000, 0.026000, 0.085000, 0.032000, 0.045000, 0.021000, 0.028000, 0.031000, 0.026000, 0.011000, 0.006000, -0.002000, 0.004000, 0.007000, 0.005000, 0.001000, 0.003000, 0.004000, 0.005000, 0.001000, 0.005000, -0.001000, 0.005000, 0.004000  
Guiana_medio, -0.118000, -0.013000, 0.012000, 0.117000, 0.001000, 0.050000, 0.032000, 0.041000, 0.034000, 0.035000, -0.002000, 0.004000, 0.001000, 0.006000, 0.007000, 0.004000, 0.001000, 0.003000, 0.003000, 0.002000, 0.003000, 0.004000, 0.001000, 0.004000, 0.001000  
Belize_medio, -0.138000, 0.010000, 0.086000, 0.110000, 0.034000, 0.039000, -0.041000, -0.052000, 0.025000, 0.028000, 0.005000, 0.007000, 0.004000, 0.007000, 0.011000, 0.007000, 0.002000, 0.006000, 0.006000, 0.006000, 0.006000, 0.007000, 0.003000, 0.008000, 0.005000 
Panama_medio, -0.056152, -0.038379, 0.118095, 0.090527, 0.003941, 0.018668, -0.087308, -0.111174, 0.018177, 0.021358, 0.001628, 0.004073, 0.007542, 0.012273, 0.002743, 0.005649, 0.007260, 0.004470, 0.004142, 0.003574, 0.004004, 0.006964, 0.004139, 0.003460, 0.003153  
CostaRica_medio, 0.009284, -0.075260, 0.122936, 0.081753, 0.007981, 0.017973, -0.062430, -0.080837, 0.021211, 0.029057, 0.001038, 0.005158, 0.004796, 0.007441, 0.004646, 0.005481, 0.006276, 0.004509, 0.004210, 0.003630, 0.005284, 0.006372, 0.003292, 0.003766, 0.003669  
Nicaragua_medio, -0.030113, -0.092394, 0.125729, 0.088313, 0.001444, 0.016855, -0.076282, -0.098942, 0.018733, 0.023699, 0.000737, 0.004511, 0.006280, 0.010127, 0.002907, 0.005849, 0.007284, 0.004488, 0.004107, 0.003407, 0.005113, 0.007065, 0.003769, 0.003816, 0.003536  
Guatemala_medio, 0.036247, -0.163116, 0.136390, 0.083091, -0.026132, 0.012161, -0.102513, -0.129014, 0.015254, 0.016773, 0.001240, 0.003352, 0.003622, 0.007313, 0.001592, 0.006104, 0.008265, 0.004198, 0.003799, 0.001822, 0.004499, 0.007003, 0.003823, 0.003533, 0.003235  
ElSalvador_medio, 0.027070, -0.134226, 0.131982, 0.084788, -0.016342, 0.013677, -0.083648, -0.106610, 0.016691, 0.018768, 0.001476, 0.003719, 0.004502, 0.008781, 0.002070, 0.005891, 0.007594, 0.004254, 0.003936, 0.002060, 0.004638, 0.006964, 0.003853, 0.003430, 0.003275  
Honduras_medio, -0.018292, -0.113570, 0.128938, 0.090246, -0.010304, 0.014958, -0.085055, -0.107580, 0.017259, 0.021313, 0.001711, 0.004088, 0.005392, 0.009857, 0.002547, 0.005798, 0.007306, 0.004406, 0.004073, 0.003259, 0.004777, 0.006964, 0.003683, 0.003528, 0.003315  
Haiti_medio, -0.479754, 0.126905, 0.057899, 0.055946, 0.034693, 0.037687, 0.008061, 0.076697, 0.005049, 0.068689, 0.008313, 0.002242, 0.022089, 0.003901, 0.012136, -0.002661, 0.010837, 0.004821, 0.003971, 0.004697, 0.002946, 0.002013, 0.004174, 0.004648, 0.002884  
PuertoRico_medio, 0.001159, -0.021849, 0.112184, 0.085154, 0.011036, 0.018774, -0.045378, -0.059134, 0.023127, 0.030139, 0.001226, 0.005327, 0.001927, 0.005878, 0.007963, 0.005566, 0.002472, 0.004771, 0.004733, 0.004579, 0.005174, 0.006174, 0.002955, 0.005234, 0.003766  
Cuba_medio, -0.032780, 0.025714, 0.107853, 0.086825, 0.015739, 0.020117, -0.035823, -0.047095, 0.021062, 0.032134, 0.001397, 0.005539, 0.002849, 0.005658, 0.008547, 0.005371, 0.002849, 0.004832, 0.004801, 0.004697, 0.005050, 0.006174, 0.002843, 0.005057, 0.003628  
Jamaica_medio, -0.428872, 0.122013, 0.060978, 0.061278, 0.036147, 0.040287, 0.012336, 0.071623, 0.009952, 0.066158, 0.007408, 0.002587, 0.019870, 0.002835, 0.011893, -0.001289, 0.010035, 0.005008, 0.004396, 0.005059, 0.003644, 0.002843, 0.004998, 0.005948, 0.003095  
Bahamas_medio, -0.416321, 0.113812, 0.063477, 0.063136, 0.025354, 0.029308, 0.009844, 0.073914, -0.001436, 0.065801, 0.007219, 0.002632, 0.020234, 0.003101, 0.011962, -0.001208, 0.010121, 0.004973, 0.004335, 0.004936, 0.003584, 0.002984, 0.004956, 0.005828, 0.003126
Paraguai_medio, 0.050213, 0.063842, 0.063217, 0.021198, 0.021984, -0.001122, -0.072316, -0.083264, 0.013174, 0.021487, -0.001264, 0.004218, -0.005362, -0.004176, 0.004263, 0.000842, -0.001126, 0.001284, 0.001672, -0.000328, 0.002184, 0.001126, -0.001842, 0.001842, 0.000384
Venezuela_medio, 0.017263, 0.059847, 0.058126, 0.026384, 0.021973, 0.004218, -0.065194, -0.057842, 0.009384, 0.020716, -0.001842, 0.004126, -0.004218, -0.003126, 0.004842, 0.001842, -0.000842, 0.001126, 0.002384, 0.000842, 0.001842, 0.001126, -0.001384, 0.002842, 0.000384
Guiana_Francesa_medio, 0.030847, 0.052731, 0.064218, 0.038126, 0.021847, 0.007384, -0.059217, -0.050842, 0.010384, 0.020947, -0.001842, 0.004947, -0.004218, -0.003842, 0.005947, 0.001947, -0.000842, 0.001384, 0.001947, 0.000842, 0.002384, 0.001384, -0.001947, 0.002947, 0.000842

Chad,-0.55619909,0.062212261,0.0029186087,-0.015012478,0.00042826087,-0.0060385652,-0.038245652,0.032858217,0.074108696,-0.084565478,-0.01778513,0.016622217,-0.028659174,-0.0024712609,0.012061391,-0.017155957,0.022068913,-0.016254652,0.013591739,-0.015561783,-0.00074856522,0.0014246957,-0.0016557826,-0.0035153043,0.0033164783
Gabon,-0.6413935,0.060424,0.026587,0.0308465,0.001231,0.0041835,0.157692,-0.1221875,-0.015339,0.032256,0.0061705,-0.0892455,-0.02884,-0.0017205,0.0046825,-0.002917,0.0011085,0.0026605,0.0005025,0.0015635,-0.0008735,-0.003957,-0.001479,0.0012655,-0.0014365
Uganda,-0.4342355,0.0812425,-0.0062225,-0.0431205,0.001385,-0.019801,-0.005405,0.0043845,0.0724015,-0.056493,-0.00682,0.006594,-0.0130075,0.001445,0.0045465,-0.011071,0.0059325,0.0049405,0.004525,0.0028135,0.0030575,-0.000495,-0.0024035,-0.0051815,0.0063465
Burundi,-0.570254,0.067025,0.008297,-0.001938,0.004924,0.002231,-0.003995,0.011999,0.003272,-0.008383,-0.001299,0.005695,-0.010704,-0.00055,-0.015336,0.011668,-0.007823,0.004434,-0.004148,0.002626,-0.003119,-0.002597,0.002342,0.000843,-0.001197
Tanzania,-0.58118078,0.06598908,0.01277688,0.0038437,0.00019088,0.00485828,-0.00940034,0.01582552,-0.00337458,-0.0073259,-0.00098728,0.00311124,-0.01438142,0.00049822,-0.0153391,0.01171298,-0.0085323,0.00954474,-0.00712452,0.0031115,-0.00065634,-0.00047232,0.0016195,-0.00064336,-0.00074714
Rwanda,-0.44291437,0.077434125,-0.009428,-0.03609525,0.000884875,-0.01565275,-0.00834275,0.002596125,0.07651725,-0.061778,-0.007408875,0.00147975,-0.016575625,-0.002202,0.0055305,-0.004524625,0.01083825,0.00166275,0.00568775,-0.00519,0.001013875,-0.00095825,-0.001432625,-0.002771375,-0.0002845
Malawi,-0.62745247,0.063511676,0.019973802,0.015803721,-0.000091477477,0.012213441,-0.013747162,0.022028207,-0.027922081,0.011088477,0.000948,0.0013001622,-0.011491036,0.0015436036,-0.017285369,0.012781153,-0.012395937,0.0093714955,-0.0089766306,0.0049922793,0.0003450991,-0.0013368108,0.0020618829,-0.0007011982,-0.00096227027
Namibia,-0.62893589,0.061947222,0.021747333,0.017585556,-0.00044444444,0.011248778,-0.011985556,0.019050444,-0.032519444,0.015652,0.0029408889,-0.0012322222,-0.0043606667,0.00062688889,-0.0093797778,0.0090897778,-0.003593,0.0068128889,-0.0052653333,0.0023065556,0.0028005556,0.0010854444,0.0024648889,-0.000053555556,-0.0011574444
Mozambique,-0.613962,0.0660092,0.0178002,0.0136952,0.0003696,0.010263,-0.0109984,0.0187838,-0.0231928,0.009294,0.000747,0.0015286,-0.0120414,0.0011558,-0.014305,0.0100502,-0.0133516,0.0094764,-0.0098548,0.0030266,-0.0009732,-0.0021268,0.0017746,0.0013734,0.0012694
Brunei,0.01445555,-0.43170155,-0.06275285,-0.0529397,0.1436883,0.06579025,-0.00341925,-0.0129456,-0.01937855,-0.02215085,0.0662381,0.00704365,-0.00640725,-0.0012179,0.01000255,0.0071797,-0.0032269,0.00395275,0.00758585,-0.0036141,-0.0054092,-0.0251634,-0.0088307,-0.00493425,-0.0450318
East_Timor,-0.010645824,-0.34432418,-0.14312841,0.096710353,0.16327035,-0.16904059,-0.0017003529,-0.0045065882,-0.025553412,-0.017580412,0.031102176,0.0032264706,-0.0050194706,0.00013758824,0.0059317059,0.0041882941,-0.0031523529,0.00088682353,0.0018262941,-0.0073931765,0.00015405882,-0.014467353,-0.0018777647,-0.0051813529,-0.028317235
Mauritania,-0.08136225,0.13421725,-0.0036285,-0.07082825,0.02471575,-0.03309,-0.029228,0.01204375,0.063166,0.029181,0.0061255,-0.00790875,0.02232475,-0.0171895,0.0172735,-0.01687175,-0.0006425,-0.022127,-0.04234125,0.0062645,-0.01637725,-0.03575725,0.02423575,-0.00197,0.00695375
Burkina_Faso,-0.62065464,0.06440476,0.01982906,0.01377918,-0.00020924,0.01171904,-0.04630172,0.0473473,-0.0406388,0.02845796,0.00418964,0.00181634,0.02273324,0.00053944,0.01277936,-0.00957028,0.00977622,-0.00221198,0.00210926,-0.00225106,0.00092586,0.00130576,-0.00016022,-0.0004,0.00062506
Sierra_Leone,-0.62261238,0.064486,0.022863,0.01703825,0.00296225,0.009273,-0.0229135,0.026883375,-0.038808375,0.027927625,0.005744625,-0.00503925,0.0177835,0.000516125,0.01024675,-0.007275875,0.00942025,0.00663525,0.001037,-0.000390875,0.00305725,0.00131375,-0.003374,-0.000256125,-0.00017975
Guinea,-0.571325,0.068697706,0.019632471,0.007429,0.0039463529,0.0047901765,-0.034076588,0.034559588,-0.024651118,0.026863765,0.0046997059,-0.0024596471,0.019981647,-0.0032867059,0.014969059,-0.010505706,0.010461412,0.0000074705882,-0.0051462941,0.00011776471,-0.00063129412,-0.0059135294,0.0031175294,-0.0010346471,0.0017257059
Senegal,-0.54207116,0.07275264,0.01469264,-0.00117572,0.0057364,0.00213064,-0.0412868,0.03787224,-0.01020976,0.0227796,0.00367644,-0.00197228,0.01824364,-0.00461316,0.01515712,-0.01225124,0.0093982,-0.00543244,-0.00977432,-0.00018508,-0.00381832,-0.01061928,0.00619196,-0.00181692,0.00216508
Kuwait,0.06288725,0.14522075,-0.06901325,-0.125325,-0.0103095,-0.050828,-0.01562825,-0.009865,0.060999,-0.00528475,0.0225315,-0.03357025,0.07013075,0.010287,0.0051575,0.030098,-0.03073825,0.0053525,0.002577,0.035267,0.01356975,0.02027875,-0.00496075,0.00695875,-0.0111965
Qatar,0.056911667,0.13168033,-0.06619731,-0.091680058,-0.013801623,-0.041303701,-0.0060364161,-0.005923,0.044995333,-0.0075933333,0.012449667,-0.027176,0.060257333,0.0053673333,0.006605,0.033235667,-0.021861333,0.0066303333,-0.0037706667,0.025118792,0.010937211,0.0086288511,-0.0069918767,0.0053811333,-0.0057890089


Russian_Yakut,0.046057643,-0.37777696,0.10571504,-0.021467964,-0.10586596,-0.063607036,0.029518786,0.037226536,0.021380179,0.022942107,0.027252286,0.010233714,-0.022245929,0.063763571,0.034322786,0.022213429,0.0062584643,-0.014555679,-0.036793643,-0.028227786,-0.0011630714,0.032140893,0.00496075,-0.0011491429,-0.013518786 
Tatar_Russia,0.10927015,0.010701923,0.061412615,0.044027385,-0.0058470769,0.0094607692,0.0081710769,0.010987615,-0.0074572308,-0.021938462,0.0025608462,-0.0068479231,0.012922077,-0.0073151538,-0.0094377692,-0.0036716923,0.0015344615,0.00019492308,-0.0072614615,-0.0042423077,-0.00016323077,0.00090346154,-0.006845,0.00085269231,-0.00011053846 
Chuvash_Russia,0.11014577,-0.010545846,0.082937462,0.055332385,-0.012854462,0.0062429231,0.012473846,0.015691615,-0.0093294615,-0.032774462,0.017787769,-0.010963385,0.026095692,-0.021966692,-0.025807692,-0.014523692,0.00088253846,-0.0048336154,-0.025458538,-0.021077385,0.0072757692,0.0034718462,-0.031437692,0.0063861538,-0.0013079231
Bashkir_Russia,0.0898064,-0.1126224,0.0650155,0.0301036,-0.0378224,-0.0023985,0.0093299,0.010961,-0.0062175,-0.0191713,0.0015752,-0.0043461,0.0087561,-0.020382,-0.0064331,-0.0023996,-0.0007041,-0.0007855,-0.0028534,-0.0044271,-0.0078862,0.0012984,-0.0023541,0.0017351,-0.00097



